16
0 1 1 1 0 0 0 0 0 0 0 0 0 0 0 0 
1 0 0 1 1 0 0 0 0 0 0 0 0 0 0 0 
1 0 0 1 0 0 1 0 0 0 0 0 0 0 0 0 
1 1 1 0 1 0 1 1 0 0 0 0 0 0 0 0 
0 1 0 1 0 1 0 1 1 0 0 0 0 0 0 0 
0 0 0 0 1 0 0 0 1 1 0 0 0 0 0 0 
0 0 1 1 0 0 0 1 0 0 1 1 0 0 0 0 
0 0 0 1 1 0 1 0 1 0 0 1 1 0 0 0 
0 0 0 0 1 1 0 1 0 1 0 0 1 1 0 0 
0 0 0 0 0 1 0 0 1 0 0 0 0 1 0 0 
0 0 0 0 0 0 1 0 0 0 0 1 0 0 1 0 
0 0 0 0 0 0 1 1 0 0 1 0 1 0 1 1 
0 0 0 0 0 0 0 1 1 0 0 1 0 1 0 1 
0 0 0 0 0 0 0 0 1 1 0 0 1 0 0 0 
0 0 0 0 0 0 0 0 0 0 1 1 0 0 0 1 
0 0 0 0 0 0 0 0 0 0 0 1 1 0 1 0 

2 8 16 3 11 6 14 
9 4 12 
1 7 15 10 5 13 
