354 744 539 422 1528 705 923 
254 1147 1420 182 528 571 334 962 217 293 1103 1373 727 1490 298 882 731 808 37 40 82 1042 1159 655 537 267 1463 269 1385 152 185 994 1069 738 1306 1501 663 695 1111 621 699 937 49 1076 1466 273 155 1051 469 157 548 193 1516 1126 390 671 120 392 1047 945 200 592 21 909 1098 1260 1335 1454 1452 167 1059 170 1096 1366 517 636 323 1094 1332 1407 1212 1167 1210 1404 1284 91 480 719 795 66 484 1173 29 

1247 665 374 471 181 257 453 237 769 941 239 1295 1541 300 1161 363 635 400 282 303 1155 523 598 642 912 189 720 775 69 1369 
880 175 1421 1030 338 965 728 847 1175 7 83 13 1433 1039 460 1157 615 347 499 1037 229 742 1470 776 17 20 1054 1206 1442 113 1475 864 1440 1472 866 748 1199 1437 868 512 632 516 789 25 360 1483 129 367 1331 1092 1211 759 1329 1446 794 915 918 800 1229 1109 1107 136 988 986 292 141 412 532 802 1372 684 922 1338 691 810 1497 42 1356 263 1354 1507 1267 1234 304 186 543 813 1112 1350 425 698 48 1129 274 1245 277 1518 160 549 434 1362 1513 1004 1123 830 65 1023 1139 1256 949 1408 715 565 597 1403 209 837 485 1292 1410 
32 1110 1185 373 213 139 529 605 650 725 1027 1222 983 295 416 730 968 418 1302 1164 1237 1387 107 270 616 227 423 661 1351 934 817 893 191 583 781 1052 664 1049 114 234 1007 357 1542 393 587 1078 1392 633 788 1478 61 1057 359 1137 1254 441 560 1170 366 972 1091 403 911 1252 836 210 675 718 914 290 1172 1486 
567 1028 1146 336 845 1026 1144 101 77 495 1077 464 735 379 855 1308 500 1187 1154 384 741 387 778 897 1465 16 1087 1205 235 1084 474 1321 1082 747 1319 510 121 1436 398 907 1058 24 1062 753 976 1484 281 1482 973 639 284 674 1056 1208 407 1371 27 680 1488 135 294 651 1340 1459 1219 924 929 1121 1355 266 1503 1232 662 190 584 1270 1011 272 939 1008 432 1277 823 316 1512 588 590 828 593 1283 1400 166 559 85 89 478 1133 840 


278 518 1504 1070 771 824 297 1227 1248 386 
1531 310 1377 192 767 1439 822 457 1393 122 631 685 613 1196 1313 1040 243 1158 105 127 325 444 953 427 623 581 1368 71 877 1194 
1010 275 666 647 291 550 216 552 391 803 846 1263 1003 63 261 1357 1061 1116 205 346 930 716 932 1382 479 501 1089 383 773 406 482 1467 
164 1128 570 1182 84 333 128 247 1265 1341 1416 1349 211 
376 1515 1526 
174 1148 568 180 95 572 723 1418 335 1179 487 1414 75 848 493 8 1156 10 1163 459 1310 497 736 1189 108 380 466 1426 1068 382 620 1186 779 15 1207 1053 1050 473 119 1543 749 394 903 1477 1065 241 245 977 755 249 758 283 970 917 1367 31 33 369 255 378 1492 652 981 805 299 689 1380 1120 184 305 814 992 188 816 1273 582 55 156 1280 1399 311 1244 1005 1275 1394 436 825 944 710 829 594 62 1519 1257 438 320 558 1409 203 1169 1286 1405 445 1134 90 871 67 721 603 
1034 1423 1149 448 1029 94 1181 1530 215 724 843 455 574 606 100 219 608 1527 74 881 611 850 885 80 888 12 1540 1314 1162 1431 340 104 342 733 463 226 854 1071 1190 1428 3 617 110 739 858 505 624 1075 899 1055 1326 349 468 861 1204 865 1320 1081 867 1046 1435 752 396 787 1479 1337 1217 1455 979 1334 754 365 368 402 522 1209 678 798 1370 28 1487 683 371 138 377 768 1342 531 1101 654 686 806 926 1378 45 1002 1239 1000 262 1235 265 538 998 1505 1114 933 935 47 819 1012 1009 547 312 431 940 1125 1276 315 1243 197 706 1241 1511 319 709 58 591 60 64 1261 1412 1525 1021 165 1258 1138 556 1255 439 322 172 831 1288 1521 88 208 954 1251 1402 839 1174 876 
35 1533 1152 1345 449 764 214 1299 1375 140 1104 1223 984 456 770 1221 1025 966 103 687 999 656 1388 1073 1462 1537 812 1188 1264 619 307 818 1249 1127 351 158 1085 507 314 433 628 703 196 1198 826 948 712 1142 1019 1333 1214 519 206 1449 1520 971 1328 328 722 799 486 681 
72 467 256 1269 1095 1083 1429 649 974 98 131 414 187 804 697 515 601 927 701 
1304 1032 178 330 212 452 1419 96 1180 1298 964 1296 220 1143 729 732 496 889 1045 1434 1043 1538 1464 1311 343 1430 2 1191 1536 1427 4 1425 1534 891 1067 502 740 892 504 1469 388 896 14 18 1088 1444 863 1322 117 236 1202 475 508 746 1318 511 901 751 905 22 1476 23 1064 123 362 1364 1450 401 521 1481 132 641 761 524 676 288 526 408 682 990 1346 1225 134 1376 258 410 1494 1102 1458 415 653 535 417 688 807 39 41 43 1238 1118 264 149 302 540 659 424 306 576 1500 426 545 696 308 938 50 1389 1131 271 667 430 1398 1517 669 194 313 553 672 704 1124 199 437 589 827 1281 168 202 321 442 1168 1287 562 1016 326 596 1285 446 717 599 68 875 
73 1532 176 1150 179 1301 1529 844 963 1178 488 490 609 1294 221 967 76 492 612 614 81 1183 1195 1160 222 341 1038 1 1192 225 734 1072 1461 498 737 348 111 230 1035 1305 6 859 503 622 385 506 19 1445 1325 1443 1323 232 470 353 743 1203 1474 626 1471 238 630 900 1079 240 1197 1316 870 784 395 904 906 790 980 1097 1063 1453 361 124 244 246 637 756 1093 1448 792 1090 760 404 525 797 679 919 801 1348 1228 1108 133 252 1344 372 137 375 646 409 766 987 1106 1374 411 1491 1220 296 1457 536 925 690 809 1381 692 811 1379 1498 44 1240 144 1117 1353 148 419 301 1506 150 183 658 1386 1115 421 660 931 577 46 579 820 1272 1390 1509 51 154 1246 276 159 161 1397 551 673 1242 1360 317 56 59 1411 1140 557 169 1289 1522 324 951 1017 1406 833 1015 1253 835 1013 329 92 481 838 872 483 602 604 70 

878 713 996 87 541 1218 1041 
1422 177 842 961 573 1417 575 1176 339 610 849 887 1184 9 1539 458 224 462 106 853 345 465 1307 381 1036 1424 894 777 898 780 231 350 233 1048 115 862 625 118 509 1200 1438 1080 1317 869 513 783 634 785 397 1480 26 1066 1451 1060 125 1365 399 248 638 130 1363 405 287 796 978 34 991 251 1226 1343 645 1496 648 1105 259 530 920 1359 1510 1119 143 145 268 657 694 544 578 700 702 546 279 670 1396 1514 942 198 555 708 201 1401 163 1022 1290 561 443 714 564 1132 956 958 874 
879 989 331 450 960 1460 218 607 533 1339 102 491 883 461 1312 852 1233 109 856 1113 1535 993 1391 1508 53 429 1473 627 821 1006 585 629 750 1165 318 947 791 1018 171 950 975 86 832 563 1135 477 285 955 1327 762 913 600 957 93 
173 1153 569 451 959 841 1300 1297 99 337 726 1145 1177 1415 489 1024 1262 1413 78 494 886 890 11 1315 1044 1432 851 1074 344 1309 618 5 860 774 895 969 1324 1441 352 116 355 745 389 476 358 902 786 1336 1215 242 126 1485 364 1213 757 520 250 640 910 1447 793 286 643 677 916 1489 30 370 253 763 527 765 1495 1224 1493 260 142 772 1100 693 147 420 997 151 1383 1230 309 936 580 1271 52 1250 1130 153 668 280 1278 195 1395 435 554 586 1361 1122 946 57 711 1282 1293 1141 1259 1020 1136 440 1171 1523 204 595 952 207 834 1166 327 1014 447 873 1291 
1033 1303 1347 1151 1031 566 332 97 985 454 413 921 982 534 36 884 79 928 38 1499 1001 1358 1236 146 223 1193 1268 1266 995 1352 1384 228 542 1502 857 1231 112 815 1468 54 428 472 1279 162 356 1201 943 1274 782 707 514 908 1086 1099 1456 1216 1524 1330 644 289 
Took 400553162 ns