1260 1032 1108 371 244 84 116 1463 237 638 822 1200 1244 704 1296 1079 1511 622 894 897 
192 1084 1429 616 660 967 1452 888 
72 32 1034 1110 1303 989 1151 370 568 527 1181 649 1103 412 770 846 1458 535 686 613 80 1380 692 13 261 1538 537 267 1506 420 658 540 1115 1385 498 617 1352 1503 109 304 423 694 1187 189 506 1272 898 1389 1055 1207 1325 272 467 1323 159 625 1474 474 864 432 315 1275 1362 1078 437 200 827 396 58 592 61 1140 123 125 1059 127 204 1450 282 207 1210 1329 641 717 912 329 599 211 915 1371 27 799 918 1488 
959 550 346 847 992 924 1097 1432 495 167 1029 

570 843 336 1528 219 103 611 1077 1540 1039 461 1073 1190 228 619 230 1186 6 892 774 624 1467 1075 1087 1475 1203 1321 475 865 1439 390 867 122 633 787 791 23 241 360 365 636 755 975 1213 1483 1331 520 523 1056 1208 286 289 408 1487 991 1348 1345 133 764 646 138 529 920 650 294 413 1221 1490 415 1379 145 264 539 150 305 1382 1501 576 427 309 817 47 700 582 1271 158 547 279 312 1397 821 434 1005 1512 1401 63 1022 169 322 206 444 88 953 837 70 486 1292 
1265 
1533 175 180 257 452 1106 141 531 1460 456 1527 43 1431 1117 1388 1072 541 1114 1037 229 697 50 1270 969 1053 273 468 118 314 1276 1438 586 673 1198 436 902 319 906 594 908 1400 24 164 1259 166 1062 1018 1256 1254 560 1408 562 1286 131 250 954 642 761 795 957 872 
1228 252 1149 1343 179 763 1496 333 215 258 648 217 1492 964 922 1220 685 966 1024 297 612 850 885 929 1158 105 301 343 1311 302 854 184 379 422 931 662 739 577 308 385 505 580 775 1466 18 1011 470 311 744 1473 1126 628 196 239 942 1274 393 785 1283 25 1217 1524 556 1451 128 518 637 172 367 951 1167 402 759 1481 522 1403 91 210 526 721 68 917 604 1174 71 
173 548 1518 377 961 335 866 1178 1471 74 654 76 712 789 811 1302 1196 1119 323 1169 1267 270 757 952 1308 90 285 1067 696 288 1486 
1033 332 1420 182 571 1180 334 606 218 1026 1263 1175 729 81 1164 1160 459 1074 1464 464 497 1428 4 737 856 1188 1306 382 1154 502 621 893 19 231 743 1085 508 1320 391 510 748 1437 631 784 905 1480 790 1098 243 362 245 399 639 973 1091 1327 404 916 919 1368 1109 1107 1226 253 988 528 378 985 1342 1374 1372 652 1101 296 534 687 299 36 1498 1378 41 1002 1240 1359 1000 1355 265 655 1269 997 1233 1384 812 1112 1231 663 695 1500 426 190 48 583 1509 1010 1128 161 669 939 313 551 197 1123 1242 711 165 832 563 596 1404 1520 477 716 838 67 840 69 
855 1535 1030 
35 1347 153 156 546 665 114 95 409 236 389 357 455 671 1415 1176 1003 1100 783 904 809 1453 266 202 223 949 247 831 421 1016 911 600 698 387 778 877 
73 1229 1532 1246 276 1028 212 549 1279 96 725 1222 533 825 1392 688 709 398 810 886 40 1456 979 1411 148 440 1290 1234 326 1166 110 403 597 
879 567 1148 569 94 213 1301 723 97 488 1177 965 490 1526 848 77 1156 890 9 11 1045 1041 458 1192 853 1537 735 1309 3 108 227 348 381 5 501 112 383 623 742 386 895 777 1076 1324 1441 469 352 354 473 1083 1202 1319 120 240 749 900 1047 869 1165 903 397 786 980 1065 1063 124 400 519 1093 1482 283 972 1090 970 405 794 913 407 677 679 800 682 369 251 1344 255 765 376 1375 1223 653 1510 1358 143 262 144 1354 419 538 1386 542 186 424 933 1111 699 820 1391 53 1131 1247 274 157 278 310 668 1517 431 1278 162 1395 585 672 1513 1361 706 199 588 590 710 593 1141 1021 1257 320 170 1409 1523 1407 1521 1253 1014 598 836 1402 480 956 66 958 603 1172 
620 926 779 1086 

31 1250 232 449 277 1399 1440 940 1007 1104 433 984 142 1199 824 1339 1541 318 806 946 79 38 1337 1163 1454 1258 361 146 363 559 1171 441 1504 995 1351 1328 209 1446 188 815 935 797 680 702 
880 1422 177 330 1530 453 1418 605 1529 99 845 457 1144 220 609 102 968 731 8 83 1042 1157 852 344 1191 107 226 1426 1194 781 1326 1054 353 863 238 901 632 634 21 1476 1455 1064 1215 1061 517 130 1449 793 1369 681 801 1367 683 254 374 766 987 1376 1340 803 923 1457 981 807 300 690 1356 1507 657 1268 930 932 816 579 936 1012 1248 155 667 280 670 1243 435 1004 1122 1241 945 589 201 830 1293 1019 1138 438 1136 558 85 561 713 208 92 481 484 874 
1304 1423 176 1150 1531 566 178 451 214 1419 454 724 607 337 1414 728 339 730 884 496 887 1183 12 1313 222 460 104 342 1 106 225 463 615 1461 347 380 466 499 618 1307 1035 860 1468 780 16 17 1205 1052 115 862 235 626 1472 1201 358 629 1318 392 512 1316 515 26 1066 1099 1218 1335 242 753 246 1095 1332 129 281 249 521 1448 1209 762 525 1489 256 139 767 986 530 1493 260 1341 1373 532 1491 772 418 808 37 928 39 1497 1121 1001 1238 999 1118 1235 269 1116 661 994 1113 1232 306 1349 545 191 938 55 154 1127 160 1515 1394 705 944 948 59 1282 62 1519 1142 439 442 1288 1522 1017 833 1405 445 1015 327 1133 1252 955 447 601 1410 
990 1421 1031 1225 331 450 647 1105 98 293 1416 100 295 684 75 882 689 42 1434 1043 1237 149 1505 1536 857 1155 891 1230 740 859 776 51 54 1445 1051 471 1048 1516 703 1514 1543 553 121 56 591 907 1058 1525 168 977 1096 1365 443 325 1363 910 760 674 1013 718 406 676 29 
1443 233 410 140 962 996 1298 574 747 543 394 482 1469 
1305 805 849 1049 
1185 1009 134 666 181 430 1398 572 194 292 941 963 1027 651 868 1295 1046 1435 514 1479 788 1057 44 1216 733 998 756 1364 595 1092 1427 185 640 1264 1502 1447 111 1251 503 93 483 602 

34 174 448 135 645 1182 841 291 216 1417 575 726 1102 1145 982 804 1219 1338 221 491 493 883 78 927 693 45 1315 1120 1195 1040 340 1193 1312 462 1387 734 1310 1462 659 1189 738 993 1534 814 1424 504 818 937 701 14 584 20 1050 1245 429 507 356 1396 1006 1125 630 943 1317 1360 513 708 516 1478 1412 163 1336 1333 1060 1255 1485 1170 86 324 1212 1287 1330 564 132 792 835 971 1284 1089 871 839 722 28 1173 
1139 1161 1334 373 136 472 1366 1430 768 1266 303 714 1081 921 554 198 317 750 773 536 644 46 691 82 
878 1152 1147 960 1300 573 1179 487 727 101 1143 1262 1413 881 492 494 732 614 7 889 10 1044 1433 1159 341 2 465 1070 500 1068 1425 858 741 1470 388 15 1088 1206 1442 349 113 351 861 1322 627 746 1082 119 476 509 1080 1542 511 1436 782 751 870 395 364 754 635 1214 1484 1094 248 401 524 643 914 796 798 1370 290 33 1227 372 137 1377 1495 1224 411 769 802 414 771 416 298 1381 1499 1239 1357 263 1236 1353 656 268 183 151 813 1350 187 544 934 578 581 819 1273 52 1130 275 664 1277 195 552 823 1124 316 555 707 826 57 828 60 1281 64 1023 1020 1137 321 171 203 1289 205 1168 1406 87 1135 715 834 1285 89 446 565 328 479 719 873 876 
30 1153 1346 1146 375 842 1299 1494 259 844 1297 983 1459 338 489 608 1025 1294 610 417 925 1184 1314 1162 1539 147 1038 851 224 345 1071 152 736 1069 1383 1036 425 307 384 49 896 1390 1465 1508 899 271 1249 1444 1129 350 428 234 1204 1280 117 355 745 1008 193 1393 587 1197 752 947 829 1477 22 909 65 1261 359 557 126 976 366 950 974 368 758 1211 1134 284 478 1132 675 287 720 678 485 875 978 1291 
Took 344304094 ns