566 1149 214 960 842 1179 1529 98 217 336 455 1027 1295 220 1143 1413 103 611 968 77 8 83 889 9 1164 1195 1043 1538 341 106 1191 1428 3 108 346 379 465 617 499 738 230 858 502 896 781 1441 863 627 865 1201 476 900 632 783 1478 790 23 1337 1065 1062 362 754 127 1214 636 638 520 523 643 1370 680 32 35 369 372 528 258 377 1494 140 1340 533 771 923 927 43 1121 1359 1237 1114 994 1350 1382 695 188 937 50 52 1131 1010 276 1280 430 550 313 1126 195 433 1005 1243 1123 317 319 947 1400 63 1259 1020 557 1136 169 85 172 561 206 1016 445 716 836 955 604 1292 
1034 179 1146 181 95 723 1415 608 75 7 1183 1045 458 462 1430 344 1072 1190 228 1307 1535 348 1067 1154 622 741 892 387 467 1052 231 1083 1472 119 390 1200 1080 630 1047 1316 633 1058 1218 1336 359 1452 125 245 1366 1483 1094 519 130 1363 641 1328 762 287 676 799 1369 1486 1229 1346 133 254 527 766 986 292 378 1221 922 1100 654 298 417 687 809 1378 1235 537 301 540 303 186 577 696 815 817 51 584 1389 55 548 1518 939 1397 551 703 196 1361 198 827 58 710 163 1525 1137 321 560 323 832 1017 1168 1284 328 598 718 66 877 
603 

1344 1256 665 279 473 668 1376 161 453 107 421 833 1025 1078 1446 731 721 916 
518 777 
1019 1051 266 558 256 268 96 312 1299 866 845 1448 1144 513 384 850 624 1380 
1342 1112 361 


1110 1153 1147 451 1495 802 846 1176 1414 804 1457 1526 76 536 885 929 82 1302 41 999 148 380 661 1068 425 814 112 383 860 894 506 1391 1465 780 17 1049 114 666 160 235 474 1202 1439 358 749 824 1274 1317 1122 588 826 1283 64 980 1142 1293 1138 556 363 1288 443 1093 87 563 639 1286 1405 207 1481 89 91 211 485 876 1367 
173 1206 175 1531 156 1029 470 1377 767 216 940 1277 315 488 457 902 925 830 1282 1356 1453 1506 420 951 1427 1351 971 913 816 581 71 
178 330 212 844 1263 1024 221 612 890 10 13 1044 1314 1433 1162 1192 1463 463 734 497 229 381 1036 620 742 899 350 353 1475 355 626 745 1440 118 1320 1543 120 867 1079 1436 751 787 22 1057 1454 124 1332 367 131 521 759 911 288 915 1343 765 988 410 649 1103 921 770 414 803 1490 535 418 807 690 692 1497 1240 1510 264 655 1269 1388 998 1116 1266 184 1352 422 426 934 818 699 49 1130 272 664 428 549 280 1278 670 1006 587 199 707 946 590 1261 1022 167 1255 714 326 477 1134 717 956 93 720 
1348 1152 1422 1532 1031 567 1148 449 331 137 646 1180 573 1493 293 412 531 142 964 983 1491 101 609 966 1219 416 848 493 11 1002 1358 459 1158 343 538 853 151 302 659 1189 185 618 932 1534 544 773 189 46 1470 1273 1468 1075 1129 1323 1050 1127 429 472 1399 507 864 1321 314 822 1319 1437 1241 1392 394 56 752 397 593 438 1171 171 1522 281 324 1482 249 1330 283 208 1252 674 719 482 677 839 872 798 874 1489 681 
53 34 1185 1250 1445 989 1248 1324 135 373 452 475 585 629 1372 534 1338 686 924 709 828 732 928 909 143 144 360 265 126 170 756 226 616 952 973 109 859 308 427 47 1174 778 919 1487 
1396 187 393 329 849 875 450 
115 841 673 501 944 1186 480 1053 701 439 1508 
878 1033 1303 1151 1421 448 571 1300 454 962 1417 1528 1145 99 219 338 965 1527 496 1540 1161 342 1074 105 224 2 615 464 735 227 856 619 1155 1425 740 623 893 16 19 469 744 1203 117 356 389 1438 782 1046 870 21 1476 791 1456 1097 1335 1059 975 1213 368 1211 758 402 642 970 1089 1208 794 405 644 407 289 678 800 30 1107 252 371 134 374 376 987 1224 530 141 1222 1373 1460 651 1339 685 688 300 810 1001 263 1355 150 183 269 1505 1234 541 1384 1503 1501 306 938 820 271 155 274 667 431 1276 1362 823 435 586 705 1242 197 825 318 589 201 591 59 594 1023 1524 1257 1254 1290 84 949 204 713 325 1521 88 564 1404 835 954 479 1013 1132 1402 210 481 600 873 1410 
1228 1032 1150 1225 1028 213 1301 647 843 1374 574 984 1416 295 1101 415 297 967 299 79 495 38 44 1077 1196 1163 1238 1432 222 419 1193 1073 542 812 1069 500 694 663 739 935 309 775 1272 1467 1509 15 1087 1247 546 233 862 311 1084 432 552 1244 554 436 945 948 1480 789 24 1455 1064 1215 1258 1333 203 246 129 595 403 565 447 1056 92 796 602 722 69 
174 1226 764 375 182 215 648 961 1104 1102 684 729 614 811 262 1431 1160 1236 1157 223 1312 1507 539 1310 854 1504 305 662 1187 933 503 385 1076 1207 1011 153 468 1009 1245 159 1516 1125 1514 942 392 511 1393 122 750 1511 785 1411 1140 1334 1095 205 248 400 282 715 834 478 522 1133 871 28 
31 991 1347 251 1345 569 138 572 218 413 1026 727 653 1294 492 808 887 1379 42 1464 997 1070 1308 737 382 54 1128 351 278 1517 1473 671 747 1395 121 943 395 398 1021 1216 365 1169 1406 1449 972 1091 1166 404 761 675 840 
72 880 1304 1533 1030 959 333 1418 335 1297 487 607 726 339 491 610 883 494 1156 12 1313 1042 340 1039 461 851 1 733 1309 1536 1037 857 1306 5 1424 774 386 388 14 18 1442 113 352 471 234 1204 238 509 391 748 1198 869 901 1435 1541 784 396 515 906 1479 25 1098 242 1061 635 1096 755 517 1365 974 1331 1450 401 1447 912 286 406 914 290 679 1368 29 136 1496 409 529 411 768 985 1220 981 805 36 691 1498 45 145 147 656 1268 149 270 1233 423 931 1113 543 993 1231 576 307 697 579 48 702 1390 1249 1279 1398 193 1008 316 1004 1512 1360 200 57 592 711 1401 1139 1018 168 320 559 1170 831 950 562 1167 1015 1285 1251 837 957 70 1172 
879 1423 176 180 94 332 570 1182 1419 337 489 1262 730 80 888 1434 1041 1159 104 852 1429 1462 4 466 1188 110 891 1035 621 504 776 1466 779 969 1325 1205 349 861 1048 1322 746 1082 628 510 512 903 905 788 907 26 1099 1063 241 1451 243 364 128 399 1212 132 1090 1209 285 793 524 526 797 917 1488 33 1108 763 645 260 1492 920 294 1458 296 772 926 37 1499 40 693 1239 1118 658 1267 1386 930 304 1232 1264 992 1349 1230 545 936 583 273 157 277 192 669 162 194 941 704 1124 1275 553 555 1003 829 712 62 1281 1141 322 1289 1408 86 444 1135 596 1520 327 446 1014 1403 90 599 67 1291 
1420 1530 334 97 1298 456 1177 847 1175 882 613 884 886 81 1539 1038 1311 225 1537 498 736 855 347 111 6 505 1469 897 1055 1088 1326 1444 232 1085 625 1474 508 357 1081 1471 239 1199 1318 1197 786 908 1066 979 123 753 1485 976 366 1364 757 1092 1329 284 760 795 408 27 918 683 990 253 257 139 1375 259 1223 650 769 1341 652 806 39 261 1119 1357 1117 146 1353 267 657 1387 996 1115 1385 660 1265 1383 1502 813 1111 1500 190 580 819 582 1012 275 821 1007 1515 434 672 1394 706 708 61 1519 65 1412 1260 165 440 1409 1523 442 1287 1253 597 209 838 601 68 484 486 1173 
291 237 631 1217 698 1443 370 1086 
1054 154 255 743 1181 605 725 963 1296 74 728 1165 514 904 60 1477 164 1040 1354 460 1484 637 1071 152 995 953 1305 1271 898 978 
1106 1407 345 1459 
73 1109 1227 177 568 1105 724 606 1178 532 575 100 982 490 102 881 78 689 1381 1184 1315 1120 1000 1461 1426 424 578 191 700 895 1194 1270 20 1246 158 547 310 116 354 236 1513 1542 240 868 437 634 516 166 1060 244 202 977 441 247 250 640 910 1210 792 1327 525 958 483 1371 682 801 
Took 381841388 ns