1304 178 450 182 572 961 1418 605 726 1145 1415 1296 219 846 1263 610 730 849 8 11 1164 1196 342 616 1428 108 348 1068 858 503 20 1053 1443 351 1049 353 474 626 1321 237 1319 1438 120 1079 1198 122 1046 751 397 1058 1064 243 1365 247 637 756 639 792 403 641 285 675 408 29 682 1367 32 1348 1107 1226 763 136 1496 291 530 649 260 413 1102 295 684 982 652 415 923 1100 535 1380 1000 144 655 537 267 1115 1112 187 425 697 48 1248 155 1009 428 310 669 432 587 1241 946 201 592 1293 1412 164 1255 560 949 323 833 1015 90 479 1174 
1032 568 1420 1300 453 455 1178 845 338 1176 728 1294 848 732 496 9 1434 1539 1431 1312 106 1310 227 498 617 736 382 502 777 1465 780 1055 114 235 117 1473 475 1082 1320 628 514 784 1480 26 1065 245 1094 519 1482 130 973 1363 283 971 917 1370 991 374 527 257 1342 531 1103 802 534 653 1338 925 37 42 1268 269 151 662 1231 1349 584 55 665 429 549 1279 1396 552 586 943 555 706 58 1401 1258 167 1170 85 713 88 1166 328 1251 871 69 
1034 1152 176 448 1147 569 375 95 1375 140 292 454 1179 1223 1529 574 606 1373 142 771 1295 1458 1526 805 924 927 39 43 1510 1358 1039 460 656 1504 346 465 1070 228 1307 1426 1305 937 583 1076 899 1088 1011 1247 231 276 352 1204 1516 476 671 822 629 942 1005 1436 750 1086 23 1141 1455 1259 242 362 1254 321 635 951 974 1093 1331 325 444 564 640 1090 1327 676 1369 71 
880 1153 1185 175 1150 1182 842 1180 962 1417 725 489 74 339 1024 1262 102 967 492 611 77 884 495 887 13 1163 463 853 1072 1429 1188 347 5 1424 112 383 740 773 624 506 898 1194 1324 1442 469 1048 1475 472 1084 355 236 865 389 238 1199 392 868 631 870 634 786 906 789 1336 125 363 977 365 1213 758 1481 284 1447 912 1208 795 288 407 679 918 1368 30 1108 254 646 138 258 377 648 986 1494 768 1104 1492 1459 1490 654 690 1381 810 1379 1118 146 1507 268 998 1505 660 1265 1503 1232 932 1500 815 189 309 818 582 1391 1509 51 272 157 667 1398 1517 939 1126 195 703 1006 1243 1275 1393 944 1122 1511 437 200 589 319 59 61 1519 1021 1018 1136 170 559 1290 1523 950 1169 205 87 953 478 565 597 1133 955 837 483 603 722 485 70 
72 1422 1532 1151 566 571 215 217 99 607 964 457 1527 609 490 1413 883 886 7 83 889 1314 458 1158 1038 104 733 1073 1537 226 381 500 1155 230 385 897 1466 471 116 354 473 863 356 508 1201 358 1437 240 900 782 1316 904 788 790 1456 979 1098 1061 364 1366 282 401 520 794 914 290 28 681 801 990 373 764 409 987 1106 141 293 412 921 1340 1372 687 298 808 263 1117 148 419 658 995 1384 422 185 544 576 663 695 814 933 308 427 816 935 579 47 581 49 274 159 192 312 550 672 1513 1360 708 1283 168 561 1168 89 327 1403 836 211 838 93 1410 
1242 396 
879 1033 1303 1149 1029 179 331 1301 214 452 1530 1416 487 456 1025 847 968 103 494 613 890 12 1315 1162 1042 1160 459 1157 1074 854 3 738 1036 1306 1425 1186 622 742 505 775 1469 779 15 18 1445 1087 1325 1052 349 1050 233 1085 1203 864 1083 119 509 1471 391 867 1080 902 395 633 752 787 1479 398 21 1477 909 1217 1335 1215 359 1063 123 1451 126 517 755 1095 1332 1329 132 1089 405 643 525 915 289 27 1488 800 34 1228 369 252 1225 256 988 376 1495 984 770 1221 294 533 803 1339 1219 536 806 299 38 693 41 1001 1239 262 1354 147 1269 149 301 270 659 184 1233 1352 304 542 812 1350 1382 1501 306 992 934 46 700 50 1271 54 1249 1246 546 1245 158 821 1395 704 554 1274 825 199 318 588 707 945 709 591 829 1282 63 1142 1525 1139 171 831 1017 1406 563 1520 446 1252 1132 481 719 958 874 604 877 
1421 449 332 1181 96 1299 216 335 1297 1414 221 882 1183 10 1540 1313 340 222 1 105 1311 1191 1071 345 1308 110 891 774 894 778 1075 16 1441 113 232 470 1322 1202 118 1439 1542 239 1317 905 908 22 791 1099 1333 1452 127 129 1330 910 131 970 678 683 1347 251 370 1345 137 985 1460 983 685 1457 807 929 692 811 45 1119 1237 143 264 266 931 694 993 578 580 53 1250 1131 1129 275 160 941 823 1004 1123 590 828 60 62 64 1261 1140 1137 595 1135 1013 480 599 957 601 839 67 174 1030 1148 180 1146 959 727 966 75 614 81 1464 852 497 499 1037 857 501 1154 741 1468 1054 1051 861 625 744 1474 507 746 748 1047 1165 513 1478 1066 1060 754 1364 400 757 759 523 761 1056 286 526 1371 1489 765 528 1376 532 651 417 1388 657 1506 420 1266 1502 186 424 191 1390 1270 666 1280 311 194 313 670 1515 434 197 673 317 436 1392 557 438 320 202 322 1408 1288 324 443 1286 1521 207 445 447 1402 210 872 875 1172 1291 
980 154 1041 1127 1235 265 451 1387 1278 1167 1144 297 677 1498 

878 35 1130 1444 1346 94 161 1397 378 98 1081 488 511 300 711 80 1499 1400 1476 1077 1059 224 441 1430 1463 399 615 421 562 1461 855 952 596 1210 1285 1448 793 1035 956 384 406 644 796 798 819 
524 1344 
1195 1260 115 538 1385 714 1200 1449 1351 716 1435 698 817 
173 1031 330 1028 181 333 960 723 97 575 1026 608 101 1175 491 729 79 1184 1302 1044 1432 1161 1538 341 461 734 1462 1309 1536 464 1427 380 1187 1534 6 892 386 776 896 1326 1205 468 743 745 390 866 1543 1318 393 869 516 907 24 1218 360 124 636 976 1484 638 1450 249 368 1092 1211 402 521 674 1446 762 913 916 799 978 31 1229 371 134 1377 139 529 767 1374 1222 922 804 416 686 926 688 36 691 1120 1238 1356 145 150 183 539 997 1386 1234 152 994 305 543 1111 577 820 1012 273 277 547 1399 280 940 1007 1125 1244 1276 1514 196 315 553 1003 57 710 948 830 1023 1020 169 439 203 1522 1287 326 1253 1404 715 1284 717 720 840 
1533 1423 1531 212 570 1419 334 573 336 1528 218 1177 100 220 1433 223 1193 2 344 4 229 1067 893 895 14 781 17 19 467 350 234 1440 357 121 901 1541 1197 903 25 1337 1097 1216 1454 1334 361 244 128 366 248 250 1091 1209 1328 680 919 1110 989 1227 133 372 253 1343 135 255 1105 1341 1101 1220 689 44 1002 1121 1240 1359 1355 1236 996 930 1114 1230 696 936 938 702 271 1010 1128 156 278 585 1124 824 1361 826 56 712 594 65 163 165 1019 1257 832 1016 834 1134 954 1014 600 66 68 484 73 177 841 724 844 963 965 731 493 78 1156 1045 1043 1159 851 735 618 739 620 859 623 387 1467 627 747 510 632 515 1062 1485 518 1483 281 522 760 404 642 287 1487 645 647 766 411 769 1491 414 418 1497 1378 302 541 423 1264 188 307 1272 1389 664 548 1518 430 668 193 1277 433 314 316 435 1512 198 1281 1411 556 440 1171 1409 84 1289 442 86 206 1405 1292 
1206 567 862 1298 1472 1493 920 612 1138 1256 753 246 540 1069 1113 1383 598 91 329 860 190 482 504 1273 701 
1109 410 431 551 1027 337 1362 630 705 827 785 850 885 40 888 999 166 1040 343 462 1192 204 1407 1190 1212 466 477 661 1535 835 911 209 545 92 1470 797 1173 1486 
33 213 1224 259 843 650 296 772 981 1143 881 76 809 928 82 261 1357 1353 225 1116 1267 107 303 379 1189 109 737 856 619 813 111 426 621 699 388 1508 52 969 1207 153 1323 279 1008 162 1394 749 512 1078 394 783 947 593 1057 1022 1524 1453 241 558 1096 1214 172 975 367 972 208 718 602 721 873 486 876 
Took 358156544 ns