1348 156 470 136 1048 160 333 312 412 866 984 1102 824 1436 75 902 298 807 300 591 689 809 791 1118 1464 224 949 128 151 1071 425 188 578 622 526 506 917 1194 
879 448 1420 572 1418 1416 1528 337 1176 101 883 886 7 889 12 1195 459 341 1312 462 225 1190 1428 107 3 465 1188 1424 892 777 896 779 781 17 969 1324 350 233 352 1321 117 356 475 1542 1198 122 1316 904 788 1218 1097 241 363 244 977 126 1332 974 1212 1450 368 131 971 914 797 678 916 681 683 33 1347 370 1226 135 1106 921 1340 803 1220 805 690 39 692 1002 262 264 1354 267 149 1116 270 1234 812 1113 1232 814 577 699 581 584 53 1249 153 279 940 1244 1004 825 1122 1360 946 1141 1021 164 1138 1255 169 952 1134 1253 716 598 1132 600 66 482 958 840 70 1034 1030 178 181 606 1026 1144 1263 966 491 850 81 1163 1039 1157 498 736 619 1036 1154 501 859 383 387 1466 1054 1050 863 744 626 628 747 868 1047 1165 750 1477 1063 754 1485 1366 518 637 1482 520 759 1481 762 287 525 407 290 1493 769 1373 414 771 654 417 1499 657 1268 184 1503 424 663 308 1508 546 428 1280 548 1398 432 670 1514 1395 196 434 553 1275 198 1392 555 1525 438 320 1170 85 1407 1287 444 563 1166 1285 1404 1520 90 211 872 
174 257 987 139 605 141 1222 1297 413 1459 490 494 80 1000 1042 105 852 658 1072 183 304 229 306 545 860 49 582 51 1270 1205 467 1399 625 236 1278 746 238 1200 1276 1197 396 1519 1099 1140 245 1290 755 713 1406 523 1056 643 873 
1304 1432 557 266 636 269 842 1462 401 142 1037 511 653 858 599 580 1389 
1303 1421 567 1028 450 1146 182 841 335 1298 217 963 1178 575 219 1413 611 968 493 613 79 495 8 11 13 1043 1313 1158 460 342 733 1073 1192 854 1309 1535 110 348 381 857 502 741 505 1076 16 20 1444 1052 234 353 472 1322 1439 390 1471 121 240 900 1317 751 783 786 1086 1476 1064 1452 1059 756 400 282 1091 403 642 675 644 288 677 915 1371 798 1488 28 1368 1346 251 133 764 137 1496 648 1494 768 530 294 922 685 416 297 925 418 691 1380 811 1498 1121 143 999 145 147 656 1507 301 539 422 660 931 694 1501 576 1111 1230 307 815 190 818 583 1509 54 1010 276 547 159 310 667 1518 192 549 1396 551 671 941 704 1513 1124 1242 1393 436 708 827 948 592 830 61 64 1293 1022 1260 1136 202 441 951 87 1167 1405 207 1252 1284 447 484 874 1173 
1423 1533 959 1377 215 291 259 411 573 488 532 726 338 804 923 981 1262 848 77 496 887 1183 1540 261 1355 146 419 1311 150 1505 346 1233 380 1425 620 891 696 427 48 897 1075 1055 1326 155 274 1246 666 861 1204 430 433 239 629 869 1435 437 319 395 752 709 907 166 1019 124 517 560 976 1484 714 973 910 89 1328 1251 956 796 603 799 876 978 
878 566 331 451 1419 334 1299 96 454 98 1177 1295 1527 103 885 1431 458 223 1193 343 2 463 1191 1189 466 1307 1534 1067 1186 773 776 895 778 18 19 1325 1442 468 1441 113 235 1084 118 237 1438 358 1080 1541 903 787 21 24 26 1337 1454 1215 1334 123 246 1095 1213 972 1448 913 795 679 27 800 919 32 35 991 252 255 988 377 985 1104 1223 1341 260 1221 1101 1219 686 926 38 929 693 42 45 1359 1001 1119 1237 148 998 996 1115 152 1352 994 1112 579 937 47 50 1130 272 1248 1009 157 162 1126 1006 1361 588 56 829 593 1142 1020 165 167 171 832 595 1133 479 720 68 604 486 173 175 177 1148 1029 180 724 843 962 964 846 609 729 967 492 849 612 731 614 82 1156 1162 1160 851 853 735 379 382 740 385 1470 1467 1465 1053 1051 1049 743 1475 1473 867 512 631 394 514 397 516 1480 1058 1065 638 1363 283 521 641 404 406 289 1369 1486 763 409 529 651 1491 535 299 1497 1378 1388 302 1266 1385 1502 542 1264 1382 1500 189 309 1390 1271 664 1279 431 1397 1516 314 316 435 673 1511 200 1281 1411 1171 1289 562 1168 324 326 1403 91 871 93 1291 
1152 1532 1032 1150 332 570 1181 453 97 1529 336 455 487 844 607 1145 1296 1025 221 881 83 1196 1315 1044 1433 1161 1040 1463 106 615 1429 1536 108 1070 1427 500 1187 112 893 775 780 899 469 232 116 355 745 1082 865 1319 392 901 1046 513 634 398 1478 23 1057 979 242 361 1061 364 975 1483 248 367 519 522 524 1370 29 801 1367 1229 990 1107 1225 1344 253 256 1375 650 534 536 806 688 808 928 40 1358 1238 265 997 303 995 1114 423 661 543 1350 187 426 697 936 1272 1391 702 1129 1247 275 1127 311 194 1515 1125 823 1243 942 197 1274 317 707 945 589 828 710 712 1401 65 1412 1261 163 1139 439 172 204 442 1288 1522 1521 445 596 953 210 719 721 
365 782 
765 1094 205 1201 1013 1109 362 
72 1422 176 1031 1149 568 179 212 1182 1301 95 571 960 1530 214 1417 725 100 1414 74 728 1175 730 76 884 1184 888 10 1434 1041 1159 340 222 344 1537 1310 464 497 227 617 1308 347 499 856 1069 1305 6 503 774 1469 1206 1443 231 471 1085 354 1203 474 507 627 389 509 1543 120 391 630 1078 785 1479 790 909 1066 1456 1217 359 1333 1451 125 1096 127 1365 247 757 1331 130 1211 249 1329 132 911 1209 792 674 1327 1446 285 405 676 1487 682 989 372 1343 374 645 527 1376 767 410 293 1103 295 533 652 982 1339 1381 44 1240 1510 1357 144 1117 1235 1267 1386 421 541 930 1384 185 993 933 46 698 817 1273 701 52 55 1131 154 1128 277 668 939 821 552 703 585 672 1005 1512 554 944 318 201 59 1282 1400 63 1524 1258 1018 558 321 203 1408 323 833 206 477 327 565 446 835 955 329 718 837 839 602 69 
880 1531 330 449 94 1300 452 1180 216 574 218 456 1294 1526 102 882 890 9 1314 1539 104 461 1074 1 1430 226 4 109 228 1426 1068 1306 5 14 898 15 1088 1445 1087 1323 349 351 115 473 1202 1440 1320 357 476 1081 119 1199 1318 1437 906 789 908 22 25 980 1455 1336 1453 360 243 1214 366 1093 129 1330 1449 250 1090 1447 912 1208 794 30 1110 1228 1345 371 254 373 375 138 986 1105 1224 378 1342 1460 1100 1338 1457 924 927 37 810 41 43 1120 263 1236 1353 1351 932 813 1231 695 992 1349 934 816 700 820 1012 1250 271 1245 158 278 161 1007 943 1123 587 706 1003 826 57 590 711 60 62 1023 1259 1137 1256 168 831 1017 1135 1015 715 597 478 954 717 957 838 481 485 71 73 1153 1033 1151 1147 723 1027 845 608 727 847 1143 610 78 732 1045 1164 1038 734 616 855 737 618 1155 739 621 384 742 386 624 1468 862 1474 864 508 1472 510 748 393 870 633 753 635 399 1364 281 640 402 760 408 528 647 766 292 1374 531 1372 1490 296 1379 537 1269 538 1506 420 540 1504 659 1265 1383 305 662 544 191 665 429 193 669 313 1277 195 315 1394 199 440 559 84 322 561 1169 443 86 325 1286 564 88 328 1402 209 92 875 1292 877 1172 1410 
1185 569 213 961 1179 99 1415 457 489 965 220 339 1024 1302 1077 1538 345 1461 738 111 230 1035 504 623 894 388 1207 114 1083 749 1079 632 784 515 905 1098 1216 1335 1062 1060 639 758 1092 1210 284 761 793 970 1089 286 1489 680 918 31 34 369 1108 1227 134 646 376 1495 258 140 649 920 1492 770 802 983 684 1458 415 772 687 36 1239 1356 655 268 1387 186 935 819 938 1011 273 1517 280 550 1008 822 1362 586 705 1241 947 58 1283 594 1257 556 1254 170 1409 1523 950 1016 834 208 1014 836 480 601 67 483 722 1174 
Took 362301025 ns