1033 1422 1031 961 454 1298 843 606 845 1263 965 731 12 1540 1314 1161 1538 1041 1039 460 851 1 734 1310 464 616 1190 109 381 1187 624 506 1468 779 15 969 1325 119 1319 391 121 1198 515 21 789 1065 1455 1216 1366 1484 399 637 129 248 281 1212 1331 520 639 1363 1089 405 796 798 1369 1487 30 33 1229 1109 1226 133 372 255 374 764 139 529 1375 769 651 802 1101 981 1457 924 298 687 807 810 1499 1120 1358 1235 655 538 1506 183 658 997 995 1232 814 696 189 816 1390 1012 1130 1010 1399 279 193 432 1515 822 1125 704 942 1394 824 1392 945 591 710 1401 1022 556 1254 203 1288 713 326 477 564 715 1166 446 1403 721 875 
1295 
527 791 1300 86 1092 382 718 979 1470 1160 1488 
34 991 1149 373 331 1530 962 1104 1374 412 725 984 1528 294 1026 1491 609 1338 76 43 1196 1117 537 1074 105 268 1430 151 270 465 1503 1383 1230 1349 741 54 275 352 667 669 1321 1542 868 1512 199 632 1260 361 245 1169 521 1090 794 525 871 603 
72 879 1423 1151 448 1148 1182 842 1180 335 573 1417 607 727 1526 102 492 890 1315 222 2 3 346 736 855 1308 466 857 1186 621 859 740 777 1075 17 1206 1052 349 1441 114 862 1475 354 1473 1439 237 866 1200 239 1080 630 393 782 751 785 904 24 25 1064 1215 1451 244 128 1332 1483 757 973 1329 971 1209 761 676 795 916 1489 799 683 990 1107 137 291 531 1103 1460 1340 415 772 923 418 689 38 45 1238 1236 264 1507 302 996 812 576 698 47 1270 1389 153 272 156 158 430 1398 553 585 1243 1274 436 708 827 948 1261 1020 1136 439 1405 207 565 328 1402 90 482 602 68 484 
780 1280 238 1395 1100 809 
351 635 646 949 1073 1419 767 325 1005 847 221 850 918 

664 557 212 277 1301 1181 280 1537 1234 1385 303 1276 1253 900 1490 101 91 286 502 384 938 81 877 
1034 1533 451 987 1376 336 99 142 922 982 1024 37 691 888 83 1432 1042 1354 148 1311 423 737 619 695 773 623 191 775 1469 702 898 1247 274 546 472 312 194 1201 1244 673 437 870 514 589 593 1086 1519 1066 124 126 636 1095 561 324 1448 641 719 840 290 722 876 
467 350 1420 316 1176 1197 1511 57 908 1335 123 1353 1038 202 462 85 420 735 1016 1114 1265 1069 89 993 1306 720 936 
1110 1131 1053 1225 178 214 508 627 1007 1126 293 487 1178 315 337 770 921 705 1393 296 513 784 688 58 398 80 1164 1043 1256 341 224 1384 738 1068 1447 838 742 
878 1150 1029 330 570 723 1418 215 217 1296 338 220 75 494 79 496 889 10 1045 1162 1539 1193 343 853 1536 229 1155 5 622 19 1442 233 116 1440 1472 628 358 510 395 1453 360 1062 362 1096 127 517 755 366 1094 519 130 368 1091 284 287 914 680 1486 32 1348 136 1377 1496 138 1219 300 808 690 1380 693 1240 1359 1357 1118 267 419 656 1386 152 185 1501 933 992 577 699 1272 583 1011 1246 1245 310 939 552 198 56 946 590 1282 63 1525 1138 1170 1289 835 597 1013 956 601 958 485 604 1291 1410 


73 1153 1347 134 180 450 1223 963 1027 456 100 653 610 805 881 925 811 8 1002 1044 143 1040 1158 104 461 106 1429 226 497 659 1233 542 618 305 424 1350 858 1424 309 504 895 51 1087 1249 1128 160 1202 389 1082 1396 941 1471 629 1362 943 122 587 1165 633 829 906 712 1283 26 1023 1141 1259 164 168 754 441 247 518 367 562 951 640 759 834 1285 1520 792 954 479 598 289 873 1174 

989 1346 176 182 258 1299 650 41 1195 1355 539 1266 108 379 304 380 544 1111 1500 934 581 52 55 1054 1129 276 470 429 1084 117 161 1277 434 749 1122 1241 1435 902 396 947 60 1337 1060 204 206 1135 1286 1449 953 955 970 524 762 917 1370 70 
1088 1205 370 1345 177 231 763 550 1083 1224 259 356 475 724 1493 1006 488 1414 74 416 634 787 928 1412 1140 1258 1333 265 438 269 1191 1427 1113 1535 348 1154 860 46 584 1172 1508 
179 94 213 332 334 216 574 964 1145 846 1143 1413 493 885 7 9 1313 340 459 1157 383 894 387 776 778 897 1076 1466 20 1445 1323 1050 235 744 1543 1199 1318 1437 867 240 786 1480 1098 1336 1061 1214 1364 758 402 912 1056 675 406 526 678 31 35 254 765 647 410 920 1222 1220 1339 1497 261 263 998 1387 1267 994 1351 187 663 307 53 154 1127 1513 197 586 1123 1361 594 65 1293 1257 1255 169 322 1523 831 1407 327 1133 480 599 
150 1494 1516 985 314 671 983 1459 750 112 826 1019 
1156 1250 1163 1021 999 253 666 753 559 171 950 443 401 1521 445 1252 285 966 848 677 874 1273 69 
572 1147 
1108 1227 252 371 135 568 376 1105 1297 1373 1492 218 1221 297 535 730 882 927 886 929 692 42 1433 1119 733 1192 1505 107 345 1231 501 620 892 700 896 16 1055 1444 192 863 507 626 1008 512 555 901 1360 319 397 907 1477 1281 1097 165 364 1365 172 1213 1287 1450 1482 282 1330 972 208 793 329 600 407 486 800 
173 1185 1228 1303 566 1030 375 959 988 530 768 1529 141 413 532 1102 1177 1415 1372 608 684 1025 1527 339 686 967 611 36 884 1498 82 1434 1001 262 1356 458 1269 463 1072 421 854 1115 541 617 347 1307 694 1534 111 306 425 188 190 817 701 1467 14 1194 469 232 428 159 353 548 1279 236 1397 865 747 120 1124 317 709 516 711 1476 1099 1524 167 558 977 365 205 1406 249 833 1134 717 836 27 1292 1368 

115 1518 149 355 98 1015 1294 427 201 819 681 909 1465 
175 1032 1531 95 333 960 605 844 575 489 1262 77 613 495 11 13 1431 1464 1462 1428 1070 4 499 1036 1425 230 1305 503 385 774 1326 1443 1048 234 1204 625 746 390 476 1438 748 631 22 1058 1456 1063 1485 976 1093 283 910 1481 404 523 1208 288 915 797 1371 679 919 1367 256 377 292 1341 414 1458 40 1510 144 147 301 1268 540 1352 931 662 1112 545 815 937 820 582 50 311 549 431 313 551 433 703 1514 672 823 435 944 318 200 828 592 830 62 64 1137 170 440 1408 714 952 1014 447 1251 211 481 872 1173 71 

1502 533 
880 1532 181 571 453 457 490 729 103 732 1184 1159 852 344 1037 1188 1426 739 891 1035 6 505 388 781 18 113 471 743 1322 864 118 392 1079 1317 1436 869 1479 1057 1218 241 243 756 400 638 974 131 250 1210 911 643 369 257 528 1106 649 260 295 652 803 534 536 926 39 145 266 422 1264 186 543 1382 426 308 697 579 271 1248 665 668 1517 670 940 196 706 1003 588 59 1139 166 321 1409 1290 323 1522 1168 87 444 1284 1132 837 66 93 
1000 1334 1343 320 409 1463 184 88 661 403 932 1067 1316 644 299 386 978 
478 825 1078 806 
1304 96 986 378 1179 1342 455 726 219 1144 728 804 491 417 849 614 887 1379 44 223 657 1071 1309 227 498 930 1189 856 578 935 580 155 468 1009 1051 157 1049 547 861 278 1203 474 1081 554 1004 1541 752 903 905 790 1400 23 1142 359 1452 242 1018 363 1171 560 832 595 1167 716 1328 209 674 1446 92 483 29 682 801 
1504 195 813 1047 394 163 569 
1421 251 567 449 1028 1146 452 766 648 97 140 1416 771 685 1175 654 968 883 78 1302 1378 1077 1239 1237 342 1312 1388 225 615 1116 660 228 110 893 49 1391 1509 899 1207 1324 273 1474 745 162 1320 357 1275 511 1242 1046 707 61 1217 1454 125 1059 84 246 442 975 1017 596 132 522 1327 913 957 28 
174 1152 1344 645 1085 473 841 1495 1278 411 821 509 783 612 1381 788 1478 1183 980 1121 1411 146 1461 563 1211 1404 500 760 642 210 839 67 408 818 48 1271 
Took 335849828 ns