375 572 1490 1078 1236 
34 173 1533 177 842 985 1102 1458 850 496 1359 1162 1039 266 1464 1385 660 229 111 501 859 774 581 702 1194 780 1055 1011 1009 666 1007 628 512 869 901 903 398 1478 1086 65 1097 1255 125 517 831 87 131 89 598 1446 794 600 914 679 
899 781 880 1325 252 1029 1245 430 193 474 1180 140 1515 1373 99 315 488 867 749 1025 198 847 1219 1511 297 43 123 167 268 733 400 303 1253 1535 1090 642 992 577 621 624 798 896 
979 
879 1034 1303 94 452 1181 1418 216 606 964 1026 219 1414 103 849 1045 340 1038 1157 343 1429 497 735 1461 1189 499 856 1068 1155 1424 502 1466 20 350 1049 470 1475 116 354 473 356 508 627 1320 1081 1438 748 516 24 359 244 635 1366 1095 1484 1213 367 130 282 759 1091 970 525 1486 1227 251 135 254 137 1377 257 766 139 1493 1341 531 802 921 771 982 1101 687 926 36 689 40 693 1240 1358 1000 1355 264 656 1268 420 1386 270 152 1352 423 812 543 814 1349 188 698 817 936 1272 584 1270 1508 1250 154 159 429 280 669 162 940 1124 1243 435 554 1393 944 1003 588 827 591 63 1525 1139 1018 438 203 949 85 443 951 325 596 715 953 1285 835 479 955 602 840 604 
1423 1304 1421 448 331 214 571 96 217 455 1297 1528 1295 221 884 888 1183 8 9 11 1540 1313 458 222 342 1 224 106 1310 1071 3 108 466 1426 110 1306 5 773 776 778 898 19 1445 1324 231 352 115 1322 235 1084 118 476 1200 1080 1437 120 358 1197 783 902 787 790 1218 1098 1455 1216 1334 243 1094 129 1211 1447 793 1327 916 800 978 682 32 991 1228 369 1108 1225 134 372 138 378 1342 1340 1100 686 806 809 929 41 44 1002 1119 145 267 1116 930 1233 813 1231 576 696 934 579 51 153 273 1128 1246 157 277 279 704 943 1242 586 824 945 589 709 948 59 61 594 64 1261 1021 165 1019 168 1254 171 714 954 836 718 481 957 603 484 486 73 1153 180 959 723 963 1145 608 965 490 1024 730 492 613 1043 615 855 618 1037 381 857 1035 623 742 387 861 1048 1474 746 510 868 1165 631 395 515 1479 1062 636 1365 519 757 281 641 405 762 407 1370 1488 645 1376 528 768 652 296 534 536 298 1498 1378 1388 1269 301 304 542 661 1502 187 425 545 189 1391 548 1399 310 1280 1516 1277 1396 432 552 673 199 201 1411 556 1290 1169 1522 324 562 206 1521 88 326 328 92 871 873 1173 
449 569 1420 605 844 1027 846 1144 611 882 1160 460 104 1463 1191 345 227 498 1188 230 891 1470 1083 1321 389 1472 509 239 121 1317 751 397 908 1058 1456 1453 242 638 1331 1482 401 1092 1449 972 1209 1328 676 796 289 408 28 1348 370 1226 527 1106 377 1103 1222 414 1339 925 927 38 1001 1239 655 183 184 1383 993 1230 815 697 48 1129 1247 156 312 431 1397 433 585 672 316 1122 707 590 1283 1519 163 320 84 560 323 950 205 563 1016 327 1133 1403 209 1251 874 71 
1152 1532 1150 179 213 1182 960 215 97 724 1417 962 336 1178 575 338 489 1176 1263 457 101 966 610 848 77 612 494 79 81 83 1156 13 1164 1315 223 461 225 344 463 853 1462 1537 1309 617 1070 1427 347 737 382 858 1067 860 505 1469 895 779 1206 1205 1052 113 233 471 863 355 626 745 1082 1201 390 1543 1199 240 630 393 782 633 1480 906 22 1065 1336 1451 362 753 1059 1096 127 755 247 518 1483 249 639 521 1329 971 285 404 674 1208 644 526 681 29 801 1347 989 1345 133 291 410 293 412 1492 1372 1459 295 533 981 924 416 691 1380 1120 1357 1354 537 419 149 998 269 302 659 1115 1234 540 662 306 427 190 47 700 49 1390 1127 547 311 1398 550 1278 1008 703 1005 197 436 555 706 825 1392 318 57 828 947 710 1401 1023 1260 1524 1258 169 202 1409 1170 1407 1287 564 1014 717 1402 91 329 956 719 66 839 872 483 1174 70 877 
1185 1032 178 1147 961 456 845 491 76 968 731 80 887 1077 1196 1163 1539 1161 1073 1311 379 500 620 1305 383 385 504 894 388 1467 1075 467 1050 1440 1473 1046 870 784 1476 1066 1452 363 246 637 284 761 524 913 917 680 1369 919 30 1110 990 1344 136 646 648 1494 650 142 1338 1457 300 808 1381 1499 1510 262 999 1356 657 997 1232 932 1350 426 309 582 274 1126 195 822 1276 1394 56 592 1259 321 1171 1523 1288 1017 445 477 834 211 482 876 1292 
1422 567 212 450 570 573 1298 218 1296 1415 1527 220 1175 886 1184 1302 1195 1433 1538 341 462 1192 2 1072 226 1536 465 228 1186 112 892 16 1443 1323 349 353 472 1085 1203 238 1318 1079 122 1435 1541 905 788 909 980 1217 1454 1335 241 361 124 126 977 365 1214 248 1450 1093 973 911 1089 795 677 797 918 31 33 1109 1346 1107 371 374 376 984 1460 1221 684 810 692 42 45 261 1238 1117 146 1353 148 150 994 694 578 935 580 818 52 1130 271 1010 1248 275 158 160 823 705 1004 587 826 946 830 593 62 1022 1140 1137 170 595 952 1134 1015 597 599 838 721 67 175 1151 1031 843 725 727 1143 967 729 493 78 1158 851 616 736 1036 1154 740 622 386 1468 1051 743 862 625 507 747 750 752 514 396 1477 1063 1060 1485 754 399 1364 283 403 523 286 643 290 1487 1367 763 647 529 649 292 413 532 294 651 772 299 418 1506 1267 658 1504 1264 305 424 1501 544 191 1273 1389 667 1518 549 551 671 196 1275 1512 317 319 1282 1400 1412 1293 441 1408 1289 1286 207 1166 446 93 875 1172 1291 
181 409 841 334 1105 313 865 1223 574 1319 1471 391 726 804 923 1526 75 394 437 690 60 204 539 756 107 832 1190 1363 1113 1307 739 287 722 1465 
878 1531 1496 182 1517 128 1439 1384 1514 402 1252 728 69 897 
72 1033 174 1148 1028 451 1301 333 1419 1530 1299 454 487 607 102 881 883 885 614 890 1044 1431 1041 1159 459 1312 734 346 1069 738 1534 503 893 775 506 17 969 1087 1053 468 114 744 236 1202 119 357 866 392 1436 904 786 1057 26 976 1332 974 758 1448 1481 792 760 912 406 288 1368 683 35 253 256 765 987 1495 1224 259 530 1104 1374 770 803 1220 653 685 535 807 688 37 928 39 811 1497 1118 144 996 422 541 1114 1265 1503 1351 186 1382 663 695 1111 308 816 46 699 937 701 820 1271 53 55 1012 1131 1249 272 665 278 192 668 161 939 194 1006 1244 1395 553 942 1362 1274 1241 1360 58 829 712 1141 164 1138 1257 557 1136 439 559 172 442 561 1406 86 833 1167 444 1404 1520 565 210 480 68 1410 
566 330 568 332 95 1300 453 335 1179 1529 1416 98 337 1177 100 339 1294 1413 7 889 10 12 1434 1314 1432 1074 1193 105 1430 464 1428 1308 4 109 348 1187 1425 6 777 14 1076 15 18 1088 1207 1326 1444 1442 1441 469 232 351 1204 234 117 237 475 1542 900 1198 1316 785 907 21 789 791 23 25 1099 1337 1215 360 1333 364 245 366 975 1212 1330 368 250 910 1210 132 675 915 678 27 799 1229 1343 373 255 988 258 986 141 920 260 983 922 805 1121 143 1237 263 1235 265 147 151 995 931 1112 933 819 938 50 583 54 155 276 821 1125 941 1361 1123 708 711 1142 1020 166 1256 713 1135 478 716 1013 1132 837 601 720 958 485 176 1030 1149 1146 609 1262 74 732 495 82 1042 1040 852 854 380 619 384 741 1054 864 629 511 1047 632 513 634 1064 1061 520 640 522 1056 1371 1489 764 767 1375 411 769 1491 415 654 417 1379 1507 538 1387 1505 421 1266 185 1500 307 1509 664 546 428 1279 670 314 434 1513 200 1281 558 440 322 1168 1405 208 1284 447 90 
Took 366090594 ns