
1152 1421 567 961 843 1528 456 964 219 1176 490 1143 75 729 103 849 79 886 1156 10 11 1044 1163 1432 1538 1193 1 105 1430 734 1072 1536 346 1189 109 228 499 1069 1426 1187 5 111 502 621 384 860 388 896 1076 780 18 1088 1323 1050 354 864 390 866 629 121 1079 1198 631 1046 396 21 789 25 1218 1063 361 126 754 1214 636 1364 1093 520 1056 914 407 290 917 1489 680 1369 800 1487 1367 369 1344 764 137 256 1377 529 378 1342 1493 1223 293 984 1221 685 1100 300 928 692 1235 267 657 421 1502 305 1350 187 576 815 309 48 1272 584 274 1009 156 192 550 821 197 594 1401 1281 1519 1259 1021 165 1019 557 202 84 1170 441 950 832 325 563 206 1520 208 1402 598 210 958 68 
683 173 1032 1151 1531 180 645 377 410 1416 770 845 1459 922 296 981 1314 1118 1160 145 1039 1506 853 541 694 1468 55 1127 279 311 703 1276 903 65 1455 242 125 1059 560 973 1092 1135 207 445 284 677 289 1371 801 877 
879 33 1110 1343 254 331 1106 723 1180 530 985 533 847 612 1038 462 1073 151 540 1309 1115 736 1384 1307 1535 544 820 50 969 271 153 114 234 744 507 865 1201 119 433 1471 315 867 1080 1394 1047 1274 317 587 513 590 830 24 1335 1215 1062 320 558 949 1095 1289 127 204 1483 86 129 1406 368 564 972 1210 795 957 483 28 682 1291 

1533 1031 1148 569 96 1418 605 726 1294 610 492 882 887 1183 1302 8 1077 1433 458 461 343 225 497 735 1428 381 500 620 622 741 892 504 778 1075 1194 15 468 1051 232 1083 1200 1543 511 784 515 786 1480 1097 1216 1453 976 366 1331 759 1447 793 679 1488 919 1348 1226 987 141 1103 1373 1340 1491 925 689 39 1239 1356 264 1353 184 1233 542 1264 1231 814 188 699 937 583 54 1130 665 1245 547 278 1280 549 194 670 1515 314 196 1005 1362 435 673 706 1511 59 711 561 1168 1287 1133 1013 91 
371 213 139 1202 1224 573 487 120 413 510 802 751 904 947 712 82 1121 1540 1334 460 148 463 1385 87 466 1166 1382 1501 933 286 1410 
1442 1246 664 1451 473 150 1191 962 1374 650 641 684 894 
83 1261 1022 1336 262 1237 155 1366 171 508 519 338 489 912 535 806 482 493 893 386 581 787 1478 1476 
880 174 1532 177 1146 841 334 453 97 725 609 1262 1526 495 885 340 851 1464 1429 3 108 1308 1188 382 1154 503 1326 1052 231 469 115 1322 1473 356 239 391 512 869 901 1165 1435 514 905 398 1477 790 1065 362 365 755 1332 1450 249 760 911 970 1446 796 989 138 291 986 140 769 1341 1460 534 772 804 923 298 927 1240 1120 266 537 1388 183 1386 1234 995 1352 304 812 931 1383 425 695 1230 577 427 1508 53 1131 157 669 1008 1006 434 585 672 1124 705 1004 707 63 163 1524 168 1523 442 1288 1407 831 205 1167 88 596 1015 1404 478 328 447 1251 480 599 211 722 71 
1423 1303 1150 178 448 212 842 1026 100 457 730 890 13 1313 1158 733 1192 106 1537 226 1037 229 505 899 20 1205 1443 116 745 118 237 389 1439 393 908 1057 979 241 1060 245 1096 400 130 1328 524 643 526 797 916 27 681 32 1109 135 374 528 766 1376 1495 142 295 653 1457 416 299 808 1379 43 1510 1000 1357 265 268 538 185 543 663 817 701 1011 1247 668 431 1278 195 941 1123 555 1003 826 1283 1256 1409 713 444 477 89 1284 601 604 
1028 95 333 216 606 844 337 965 1144 848 12 1159 223 342 852 1310 1462 616 1070 1427 738 773 776 19 1055 470 233 1048 353 1475 625 355 238 628 358 783 785 516 1086 1217 1064 1333 977 1484 128 975 910 1329 1481 761 675 794 798 31 1227 259 411 531 652 1458 415 687 418 807 37 690 40 693 45 147 998 994 189 702 1389 154 277 160 1516 312 940 1513 1242 1361 436 589 946 829 593 1412 1141 1525 164 1258 323 1286 327 446 1403 1252 479 717 93 67 873 1173 


649 1179 619 545 718 1196 1359 1355 
1153 1033 175 1029 181 1420 1529 217 455 1024 1175 491 611 731 1195 1162 1042 1463 2 854 464 737 110 230 1305 6 112 859 385 1469 387 506 14 17 1207 1445 1054 861 743 1474 863 236 357 1438 748 1318 630 1541 394 870 1058 23 26 1456 359 753 363 367 974 250 1448 402 522 287 406 644 676 918 30 991 1228 1347 1108 133 372 375 988 647 409 1104 1492 294 803 982 1220 414 297 924 536 926 810 929 1498 42 1001 143 1354 301 539 997 1505 303 930 1232 306 1111 308 580 938 1273 49 1128 158 666 1517 432 1277 704 586 824 1512 1241 199 588 827 57 709 62 1400 1138 438 1171 1290 203 322 1169 595 714 952 1016 1521 1134 1253 329 837 92 600 875 
1304 251 373 527 963 1027 1178 218 1145 728 102 686 76 691 1380 44 1358 1161 1117 655 104 1074 1071 1461 379 423 348 1534 891 1186 696 816 742 897 1206 1249 1053 351 472 548 313 552 1514 1542 749 825 1392 201 60 1337 1260 1452 167 1061 243 170 321 559 172 756 1211 954 1090 642 1208 288 839 69 485 1486 
1012 330 336 1081 823 1415 316 846 1339 101 1360 884 1094 465 131 326 993 1425 934 956 719 936 602 775 1370 
72 1422 1107 1225 253 179 568 763 451 1182 182 571 258 648 768 1417 920 99 575 651 1101 220 1219 883 494 1164 261 999 1041 222 341 1507 224 1387 420 658 1267 1112 1500 578 623 818 777 1391 1466 16 352 429 862 1518 235 1398 474 939 1321 476 1243 1275 240 943 1122 708 634 58 592 907 791 64 1411 1255 244 1365 247 638 757 282 90 404 1089 838 66 721 874 70 876 29 
34 1346 449 94 646 765 572 767 1298 260 1372 771 1295 339 966 654 417 850 36 80 496 1002 1045 1119 1539 263 419 1312 344 1116 107 617 855 661 857 1036 1068 501 740 697 579 1470 624 1390 1444 272 1129 467 275 310 1204 1399 430 117 161 475 627 1320 554 1436 122 944 633 591 906 1479 1293 1257 556 1018 1137 85 248 1212 283 715 792 835 955 1327 481 1174 
978 
332 960 1190 992 1023 1020 1441 
1084 746 1266 834 1091 186 565 1263 1317 1527 523 1424 1172 

73 1325 1030 1049 136 471 1496 376 1397 1395 868 900 782 1197 945 200 968 614 1378 1066 1043 1140 1454 144 635 246 443 1504 639 660 1114 1363 1351 716 932 720 191 
1316 
1185 176 566 1149 1147 450 959 214 1299 335 98 607 1177 1296 1414 74 881 732 7 888 9 1157 615 227 4 380 618 1306 858 1035 1067 1465 1087 1324 350 1203 1082 1472 750 632 902 395 397 22 909 1098 124 517 637 281 1449 521 1209 674 405 762 913 525 915 678 799 1368 990 1345 134 255 257 1494 412 532 983 1381 38 1497 41 1236 146 656 1269 149 302 152 1265 1503 1113 424 813 935 46 700 819 582 1271 1509 52 1250 1010 546 159 667 1279 162 551 1007 1396 822 318 828 1282 1142 440 1522 562 1017 1405 1285 209 872 603 486 1292 
781 113 428 570 1419 1530 292 1126 509 1244 1297 921 198 319 77 710 948 1184 889 1315 1431 1040 439 1254 364 1268 1311 1408 996 401 758 597 971 1014 739 1132 307 484 
878 370 276 1301 626 1375 1125 1222 488 553 608 727 1393 1490 1078 437 967 56 752 613 809 788 980 1099 1434 1238 166 1136 169 1485 270 659 1482 640 953 132 662 285 836 1349 383 774 47 408 840 895 51 1270 
35 1034 1229 252 452 1181 1300 215 1105 454 724 574 1102 1025 1338 1413 221 805 688 78 1499 81 811 459 269 345 422 498 347 856 1155 426 190 698 1467 779 898 1248 273 349 1085 193 280 1440 671 747 1319 942 1199 1437 392 61 1139 360 123 399 518 1213 324 951 833 1330 403 871 
Took 382511215 ns