
1034 274 897 
1506 295 954 393 
115 343 572 745 1126 465 207 972 1026 720 700 1174 1075 

1099 124 438 1496 204 670 1244 1427 380 1535 457 1144 1067 1392 740 103 742 917 1368 1390 1487 1476 
1033 1444 1107 1441 428 278 310 862 214 236 355 1083 768 1007 141 725 1081 337 391 629 1318 491 712 1431 166 1160 1452 1137 147 225 1309 1070 478 285 598 914 46 67 1370 1367 
1303 177 1148 373 256 1375 454 1027 607 652 1176 1295 1339 685 728 417 492 810 1077 1162 1238 146 1353 539 1072 1462 659 541 423 856 543 739 189 308 624 776 1391 14 1389 1131 271 1206 1249 469 547 666 1399 1084 940 1471 585 704 1243 824 394 707 870 319 397 711 1261 1412 1097 1524 1139 1062 126 245 635 322 949 1484 85 442 248 325 401 952 1330 1448 446 597 1252 90 1089 599 601 919 
30 32 1531 178 332 646 182 1419 1495 139 962 1223 412 487 1178 881 924 687 1156 45 1433 656 302 1384 1037 1502 348 230 1154 934 503 1012 1207 1205 470 116 235 119 390 1543 942 705 1079 1511 557 831 205 1092 759 836 

174 1031 448 570 335 843 1179 217 606 99 1177 1526 732 79 495 614 888 8 1161 852 1073 1430 1310 226 345 1036 5 858 891 384 623 894 15 969 1443 233 626 1082 1080 1435 21 979 1455 1216 1063 123 977 247 518 756 1364 283 1091 1328 674 970 286 524 794 913 676 916 1371 680 918 1109 370 136 292 1373 534 1100 805 688 926 300 1239 999 1115 1385 185 1382 576 1349 698 580 1508 153 1129 1248 1127 157 1518 311 280 432 941 1006 943 1274 436 827 946 594 169 445 1015 327 1251 93 872 721 1172 

719 
72 173 1422 1227 1150 568 95 410 844 413 802 654 968 38 81 890 1045 1359 1001 1314 1117 1311 1387 1536 422 1069 381 1035 816 860 935 1465 780 55 1130 1010 273 351 1245 1279 864 237 510 748 1199 868 901 1003 58 591 61 1282 65 1217 361 440 1171 1290 974 1450 1016 250 1210 1520 92 68 
31 1421 94 1377 1300 573 985 1529 770 1491 296 609 221 1043 1538 148 1388 224 658 996 466 931 1232 1264 1230 1305 1500 545 54 1052 472 548 1475 1203 1322 475 821 238 314 1542 673 122 1122 632 783 904 60 24 1456 1259 1138 1060 125 753 365 399 1169 1135 131 1329 522 760 1284 329 643 211 838 604 
1185 369 137 375 743 109 488 564 953 132 586 813 512 1424 708 388 801 

450 333 1474 259 703 921 1145 1275 101 318 612 829 82 171 1268 323 997 1288 1505 1234 108 617 833 1265 1188 112 386 290 485 1467 
899 467 763 114 1301 409 258 1396 434 1005 1362 316 771 966 1046 199 201 396 655 266 1214 854 1503 1481 792 1425 696 956 66 1489 799 51 
216 727 1025 1263 1527 1294 1175 496 1184 889 12 13 1539 222 1157 379 4 228 347 1307 110 857 1187 1155 501 741 504 774 506 1076 17 1324 1323 1442 1051 1049 389 1201 1472 747 511 900 1198 634 785 906 1479 788 1477 1096 246 976 129 757 1449 1447 793 675 288 27 682 1108 1346 371 527 138 1106 377 648 532 414 923 1338 1457 37 41 1121 1119 1356 145 265 270 1266 303 1501 992 699 818 581 938 820 583 702 272 160 430 549 193 1397 313 195 1513 1393 198 590 710 1142 165 1258 1019 320 172 1286 326 1404 1133 479 210 481 600 483 875 1292 877 
567 330 181 213 959 453 842 605 1296 1415 608 967 730 849 494 884 887 1432 459 342 1193 1464 1 105 1537 464 1071 1428 736 1534 111 502 893 781 468 471 861 507 476 1437 240 1197 398 1058 1454 520 973 404 523 762 407 915 1488 34 1110 989 251 1344 765 376 987 1224 260 531 142 294 1102 1459 684 653 418 36 808 1002 1357 1507 304 814 307 577 936 579 819 1272 50 584 1270 155 1278 553 1004 1512 555 706 944 1241 1360 62 64 1023 1411 167 1255 558 321 441 324 951 1405 1253 716 1014 1132 871 
991 1151 180 255 647 961 1342 1490 415 772 807 809 42 1042 144 263 733 463 1116 227 1189 993 425 695 16 19 231 277 667 1473 551 746 509 1395 1514 196 782 1078 437 395 589 633 752 947 22 1519 1064 244 439 203 517 560 636 755 1365 562 1331 832 910 1285 1402 91 482 839 678 71 
73 1304 1347 1532 175 372 212 1182 988 529 986 724 1493 984 293 845 965 490 1219 1413 416 610 298 690 1379 1498 83 9 43 1164 1540 1313 1269 462 1267 616 855 499 1231 306 544 1111 1186 621 48 387 777 53 1053 1246 156 664 276 473 627 1438 823 392 630 1316 826 56 903 1480 593 908 1401 1057 1337 1525 1061 362 128 637 1168 284 717 912 287 406 798 486 681 29 
1213 408 484 
683 1088 1229 1146 159 1280 1420 668 96 767 964 928 980 1066 1215 1355 149 975 1191 151 519 1017 618 1306 1327 797 1369 
880 990 154 1009 1028 1517 215 1105 378 650 672 1394 846 709 1380 789 63 791 1140 366 1522 540 346 208 835 1209 1446 480 309 526 191 1291 
1334 
1153 1029 331 960 1530 334 1418 97 456 489 74 220 339 102 611 882 80 1196 1044 458 1039 1463 106 735 1426 6 383 622 505 895 18 1326 350 232 1204 1439 866 1200 358 631 751 787 907 909 1086 23 1065 1453 1485 1095 281 367 400 639 403 1056 795 1228 257 649 1103 1340 533 1101 804 686 536 806 39 1120 262 421 152 184 930 1383 663 426 47 937 1273 1509 1250 1011 275 550 1242 1361 588 1293 1260 1021 1257 202 1408 1523 1406 565 1013 718 958 722 874 1410 
879 1287 535 1445 817 1335 252 360 1136 537 
354 474 206 563 1372 447 1165 697 677 775 701 
33 35 1345 134 254 374 764 291 1494 1297 1341 983 100 1220 1143 1262 75 731 850 883 885 929 1378 1434 1000 1236 264 267 269 1386 107 660 1308 812 424 773 578 582 898 20 1055 234 625 117 669 628 1047 1541 200 514 905 592 790 163 1020 241 168 84 1289 249 596 641 955 405 644 28 
878 1032 1030 449 1147 451 723 1299 1417 98 218 575 726 76 613 886 10 1195 1040 1159 223 461 497 1068 229 859 385 896 349 353 1085 1202 356 508 1319 121 750 869 786 1333 1451 1366 1093 1212 282 758 402 640 971 289 1486 1226 133 1343 1374 769 1460 922 982 689 1381 692 1358 1118 419 301 150 1504 1114 1233 542 186 1112 188 815 52 546 665 158 279 939 1516 1277 822 433 435 554 948 1281 164 1409 1170 561 1167 88 477 715 1134 957 602 840 69 
1533 179 571 455 1416 1528 1024 729 848 7 1183 11 1041 340 1158 460 1074 1312 2 853 1429 1190 3 498 382 620 778 1194 1087 1048 865 1320 357 120 239 867 749 1317 1436 513 784 515 25 1336 243 363 1059 1332 1482 1211 1363 521 1090 642 679 978 1348 1225 253 528 766 140 920 1492 1221 803 1458 981 297 925 299 927 691 811 44 1240 268 998 183 661 1351 305 694 187 933 427 49 1128 1247 429 431 1008 194 671 315 1124 197 587 59 1283 1400 1141 559 86 595 714 1166 1403 209 328 837 70 876 
1423 1054 1152 1149 1050 113 135 352 192 744 161 1515 336 1123 1414 77 493 1478 1499 40 1302 1218 1022 242 556 1018 1354 1038 170 364 127 657 420 444 995 1352 1521 737 834 89 500 619 911 761 1208 892 190 1470 
1222 
754 651 825 
569 645 104 538 1192 615 1180 1483 118 713 1298 130 963 1276 1113 338 738 902 516 873 1469 603 1173 1466 
176 566 841 1181 1376 452 411 530 1104 574 219 847 78 693 1497 1315 1510 1163 261 143 1237 1235 341 851 344 734 1461 994 662 932 1350 1468 1271 779 1325 863 1398 312 1321 1440 162 552 1125 317 945 57 828 830 26 1098 359 1256 1254 950 1094 1407 443 638 87 368 525 796 800 
Took 374131903 ns