1087 263 124 440 988 571 1203 204 366 431 1310 130 1005 1415 1090 555 891 1132 1541 773 815 633 
878 1034 1185 1028 213 1530 453 1418 216 606 1416 964 1144 847 610 731 496 81 83 10 1434 1432 1539 459 1 1463 344 734 379 856 1037 110 1155 1424 621 860 1469 506 16 781 17 1054 1441 470 1049 352 116 744 1321 237 1082 118 509 748 1198 1165 1316 870 786 905 908 1086 1057 361 1451 635 1365 518 975 367 282 1211 640 403 911 285 1327 406 678 1488 800 919 29 33 1110 1227 1345 987 1495 529 1103 1222 293 535 654 299 810 929 999 145 1235 1506 1386 270 1504 152 423 1264 932 1112 1382 577 579 817 584 1389 1248 154 276 1280 311 668 1398 1008 822 1243 318 591 60 1519 1140 1524 202 171 86 713 1167 596 835 719 721 484 1174 1291 
1302 
780 1347 549 767 97 1396 336 1006 1341 196 435 511 1414 319 494 884 614 690 830 1337 1333 148 1485 560 1266 855 1070 250 402 931 186 348 565 1501 642 286 385 778 51 
795 828 
1536 1443 262 897 

1109 1152 369 252 566 469 232 765 862 528 1181 335 531 574 1125 1319 1514 629 1262 1338 1526 632 687 515 732 37 1477 1358 1096 203 539 400 1189 477 1502 992 112 525 68 799 583 1271 1509 801 
1151 1031 1419 215 1297 1528 726 219 967 76 492 611 882 495 1184 7 497 381 1036 1534 502 1324 1051 350 354 473 747 120 392 122 751 21 1098 1215 1334 754 636 756 281 1093 249 639 1210 1329 1448 760 1446 644 526 915 408 682 1228 1108 256 138 376 1494 1458 653 804 418 807 41 44 1118 149 269 658 1116 930 543 425 427 816 937 48 1272 1009 275 665 277 547 279 1517 939 1278 1276 585 942 1124 1362 197 1392 201 61 325 564 597 1403 1251 956 958 1292 877 
1304 569 181 646 412 1471 802 728 1175 102 1480 788 261 1139 264 222 1214 615 950 562 1017 1015 1166 424 792 1209 696 720 797 1270 
32 880 35 253 448 180 94 570 572 985 1223 844 456 651 1145 965 846 1196 1117 1073 151 735 1384 228 813 382 1500 1467 1194 1508 1206 351 193 508 1472 671 1437 1218 1065 1525 242 1409 1484 1169 205 1406 1482 1330 715 834 641 1014 1208 287 69 1486 
1533 1107 241 1312 1388 226 302 487 347 1113 685 405 794 859 503 938 875 1400 
517 1454 664 
55 1055 273 1029 1050 254 449 1245 331 666 451 743 160 1474 117 194 1298 1374 941 704 824 317 806 58 38 1137 655 1353 949 1408 106 1537 248 108 346 1427 131 207 326 1383 619 1306 623 893 483 
1450 1527 386 1149 
72 1033 1422 1532 176 1150 1531 330 212 959 961 217 455 1027 1178 1295 1143 1413 79 1314 340 460 1157 223 342 853 616 737 5 739 741 624 387 1325 231 233 472 1475 1084 236 390 358 1047 1436 395 787 1478 789 979 1217 1062 1483 1212 759 910 970 289 916 1226 377 986 140 292 1342 1493 688 691 1380 1359 1120 1238 1236 265 1505 1115 995 1233 1352 542 1350 1231 306 933 190 1131 1128 156 1127 310 1516 312 551 703 554 1361 944 1511 56 589 592 712 63 1293 1021 1258 167 321 441 85 1288 87 445 1404 1133 836 1013 91 210 67 
1421 179 332 96 725 920 457 652 803 1176 101 1024 1219 297 927 885 40 1121 1163 1042 1269 997 1072 184 1232 1426 892 580 818 1012 1250 1444 1442 353 548 1518 430 507 356 475 627 746 552 1512 869 903 946 26 1142 1335 123 125 753 1254 1366 1522 638 974 444 1092 1135 327 478 675 837 481 602 290 
267 182 1287 628 770 284 868 1004 437 990 133 
134 1148 1343 255 1375 338 414 489 533 1263 1457 536 730 809 1381 890 1044 1239 1268 1311 345 1309 1385 498 660 230 1186 581 388 1076 18 153 272 1247 468 235 1473 315 121 586 199 784 709 1479 1283 1099 163 1020 1256 170 1290 637 443 520 1449 132 522 328 717 407 874 
683 73 1348 989 763 214 410 605 724 1460 142 1372 608 491 924 883 36 689 811 1378 1497 43 45 1002 1540 1433 462 538 1192 996 466 1351 620 1305 308 504 14 53 969 1445 1130 1052 115 667 864 1440 940 391 510 1078 1241 945 594 1456 1064 1138 243 557 126 1523 831 1168 833 1286 446 404 676 603 1367 
177 568 333 1179 1529 337 488 221 77 613 82 889 11 1195 1041 1193 1464 105 224 1191 1429 1461 3 380 618 1307 1535 500 1068 1187 1035 894 777 1466 1205 625 745 1083 476 1200 867 630 512 1435 634 23 1452 362 1060 364 519 757 971 1447 761 677 27 978 1229 1346 370 1225 135 647 1105 769 532 684 982 296 415 534 923 1000 1357 1237 144 1355 147 266 419 1507 301 150 422 304 993 188 697 47 700 819 1273 702 52 271 1249 155 1246 157 159 1399 313 821 1007 433 553 672 316 825 707 200 62 64 1141 166 1255 442 88 1520 1252 209 211 871 873 71 1410 

912 
1081 239 1100 600 
1423 178 374 450 1182 257 452 766 960 139 259 378 768 98 1492 294 607 983 1339 416 881 78 692 887 1498 9 12 1313 1039 1158 1074 854 464 1503 994 695 1067 934 384 1468 701 896 779 20 349 114 278 1322 1279 626 670 1201 1199 900 1123 1393 198 393 706 588 514 708 1261 1455 1259 359 1136 169 244 558 1059 1171 976 1332 324 206 401 973 283 1402 762 524 92 838 482 1489 1369 
559 561 1407 1190 1277 845 955 174 1336 1053 1257 
1303 1146 95 1299 454 99 575 1026 490 966 75 103 849 1156 1077 1161 1159 461 225 227 499 1425 6 740 742 776 1075 1048 474 1320 866 1080 240 901 1046 1197 783 904 398 907 791 360 977 127 365 247 1094 1364 1363 521 1091 643 798 28 1487 1377 527 409 648 1224 1104 413 1102 771 922 1220 1490 925 1379 657 183 420 1267 1114 541 661 1230 1349 545 935 46 698 191 1391 195 314 1242 587 1003 827 1019 439 1405 953 1285 89 447 957 601 839 872 722 485 876 
30 34 1153 175 251 645 1301 411 1417 260 650 963 1221 1459 295 727 729 417 926 928 8 42 1164 1356 1431 1038 851 343 733 465 1308 109 185 662 857 501 814 307 578 1470 49 1390 1207 471 861 280 389 119 238 1394 705 1317 436 782 1122 513 57 947 516 710 829 59 906 593 1401 909 1281 1066 1411 165 1453 1061 1289 128 323 399 758 1328 208 674 1089 913 93 840 917 1370 680 486 1173 

899 54 372 428 137 1376 334 1202 573 1543 434 943 750 590 785 1045 143 556 1040 1387 463 129 952 1069 187 480 914 505 1371 582 918 50 
173 1032 1147 841 843 100 1025 74 493 850 80 886 888 1183 1043 1538 458 852 1430 1462 617 736 4 1188 229 858 1154 622 774 1326 234 1085 1204 863 355 865 1438 1542 749 1079 631 397 1476 790 1058 980 1216 1063 246 1331 368 1481 523 793 1056 796 991 1344 373 764 258 649 984 1373 1340 772 686 808 300 39 693 1001 1354 1234 1265 305 694 544 663 1111 426 936 699 1011 158 192 161 1397 432 1275 1360 711 1282 65 1022 1260 164 168 320 1170 714 1134 1253 954 90 479 598 718 66 604 70 1172 
879 1030 567 1420 1300 723 842 1180 962 218 1177 1296 220 339 609 1294 848 968 612 13 1315 1162 1160 341 104 2 107 1071 1428 738 111 383 775 895 898 1465 15 19 1088 467 1323 113 1439 357 1318 394 902 752 396 22 24 25 1097 363 245 755 1095 1213 972 288 679 681 1368 31 371 136 375 1496 1106 291 530 141 921 1491 1101 981 805 298 1499 1510 1240 1119 146 537 656 268 998 421 540 659 303 812 576 189 309 820 1010 1129 274 546 429 550 669 162 1126 1515 1244 1395 823 1513 673 1274 826 948 1023 1412 1018 438 322 84 172 832 951 563 595 1016 1521 716 1284 329 599 
Took 397111440 ns