1533 1531 1149 449 1181 1298 843 1177 1263 1024 968 77 732 885 887 82 1183 1156 1045 1077 1041 343 1192 734 1072 464 497 1190 227 346 617 4 380 466 499 348 111 503 895 15 1054 1443 231 350 1049 114 743 1475 1322 1083 120 749 1079 1317 1436 394 632 514 1480 398 22 1086 23 1455 1215 1062 361 126 1485 248 519 1093 282 639 521 970 914 408 680 799 1487 1348 1107 252 134 764 137 257 528 139 411 1104 650 769 1492 142 1372 413 1490 1457 805 536 1498 1378 41 1510 262 145 264 1507 1268 421 1504 1351 186 1111 696 698 582 50 584 1012 273 278 821 314 1244 1276 1125 823 1004 826 945 56 589 947 712 1281 165 1409 171 1289 1169 1017 207 1404 1134 328 66 601 872 840 484 722 69 1292 

174 1152 179 450 959 94 571 334 217 844 1026 966 1143 1413 1526 847 731 80 1184 1160 462 1463 1310 108 1070 1189 1425 5 382 112 892 387 898 780 1445 1206 469 1321 1473 356 1082 390 628 748 1080 511 1047 395 752 515 1064 1097 1335 1452 517 755 128 1483 638 974 1212 1330 1363 131 250 910 1210 1481 761 793 287 406 644 798 1488 1109 369 1345 371 253 527 1376 768 378 1222 802 533 1458 416 535 300 37 1118 1237 267 656 269 539 151 662 1390 54 1130 272 1009 156 277 428 310 160 1279 193 942 586 673 591 593 1519 163 1138 170 440 560 324 444 1016 1521 1403 1132 956 719 874 71 
1423 1421 569 181 453 216 1529 574 607 726 1296 219 489 965 610 79 496 886 889 10 1164 340 1039 222 460 1157 104 733 106 225 616 854 3 1069 1188 1307 229 739 891 1035 1186 1067 386 775 1466 18 1055 1053 1442 1050 861 115 353 474 746 865 1471 1199 240 392 1541 1316 783 903 907 1065 1098 1453 1333 124 245 364 975 1364 400 1331 1450 249 368 402 523 912 1327 1446 796 915 27 29 990 251 133 1344 254 373 377 1224 1494 1374 293 1103 1460 652 685 1100 1219 297 927 42 1120 1238 1236 1354 148 268 1116 659 1385 1114 1265 812 543 427 579 817 581 819 1271 1246 275 664 158 429 1399 311 1517 939 1397 194 433 552 1395 587 1241 944 199 1283 62 65 1019 557 1136 320 1254 1171 172 204 323 831 1407 713 715 89 1133 479 599 481 957 
1030 1146 182 96 529 1178 921 1339 611 299 493 83 1313 1042 998 1386 1115 994 738 230 576 1349 188 307 504 623 506 1468 702 899 20 154 1245 116 1278 1516 941 629 121 317 512 634 948 788 64 360 1059 1288 832 952 208 403 90 675 837 795 919 1368 978 
175 178 448 567 332 1418 724 1179 964 1414 101 729 494 8 1044 1040 1430 463 735 1461 465 1308 347 856 381 1534 621 740 384 742 1469 1076 1465 1325 1205 471 236 119 510 1542 1078 1435 902 908 1477 790 25 241 977 1214 399 367 758 760 284 642 1056 1089 794 676 526 678 918 801 31 34 1227 136 1377 1496 767 1105 530 1221 415 298 926 928 810 693 261 999 146 266 537 149 1387 540 304 1232 1264 1383 697 935 46 191 818 1273 52 1131 157 665 548 279 312 1277 195 822 1006 434 672 1124 1513 554 824 943 1511 437 707 590 828 61 1401 1293 1411 1021 1524 1258 167 1137 1018 1255 203 442 563 326 1015 1252 446 598 329 871 876 
1203 355 637 259 358 972 630 555 1433 612 168 
35 1110 1033 1031 255 375 452 1419 1495 258 648 1375 1493 531 1341 983 414 653 804 850 78 614 143 1161 1356 1431 1235 1074 1269 1462 1537 498 109 423 737 1535 813 695 859 189 385 14 778 1088 1129 1247 113 472 940 1007 703 391 705 436 588 319 789 909 1140 1020 556 1061 243 169 202 1366 636 1094 205 757 325 1092 640 759 132 1013 91 913 677 68 1174 28 486 681 800 
880 566 570 1182 1420 1299 1297 99 338 1527 1175 1294 221 103 7 9 11 1434 341 223 1 105 1191 1428 345 228 1426 110 1068 1305 6 1075 781 17 1207 1087 1444 1441 233 473 1439 238 1200 1318 1437 1197 904 785 787 791 980 1099 1456 127 246 1095 973 1211 1448 917 991 1228 1347 1225 374 988 376 986 140 984 1459 1220 982 686 925 808 690 38 692 1121 1000 1357 144 1355 1117 1353 265 997 1233 152 931 1350 934 936 580 938 53 271 1011 1249 1128 159 161 280 1008 585 1005 1243 1360 57 709 59 1256 949 714 595 834 1014 717 836 720 67 483 73 1034 1153 1032 176 1147 723 961 963 488 1145 608 727 1262 75 849 495 1043 1162 852 379 855 618 501 860 624 388 862 744 627 1472 867 631 1165 397 516 1365 288 290 1489 1369 1367 292 294 296 534 772 1379 1497 538 183 1503 185 542 661 1382 544 1500 190 1391 1509 1270 431 550 1514 315 553 197 435 1525 558 84 322 86 562 1402 210 1291 
546 763 331 352 646 625 766 745 487 1528 1275 782 491 76 829 809 1412 1195 1358 1432 125 1384 283 477 1285 932 839 1371 776 
30 879 173 1532 1346 1028 1301 138 333 960 572 842 97 412 606 1416 575 651 1025 1144 1176 490 1338 417 492 807 39 888 43 13 1002 1239 459 655 1038 461 657 996 1266 619 857 425 1154 383 815 309 1470 48 700 467 1323 667 354 1084 669 313 389 432 475 866 196 239 1274 1361 710 60 21 242 1060 365 561 756 1213 443 951 1168 833 1135 88 953 478 565 641 792 1284 1328 285 447 480 603 679 70 1410 1486 
72 1150 1029 330 180 212 214 1180 605 336 1027 98 725 1415 846 1295 609 728 967 882 1315 1540 1163 1538 458 1159 851 1073 1311 2 344 107 226 1071 1309 1037 1187 1306 1424 502 894 897 779 1194 19 1324 349 351 470 1048 1204 234 626 864 118 1201 1081 1543 1319 393 750 901 122 513 784 396 906 1058 26 1337 979 1216 1334 1063 362 244 635 754 1096 976 1484 366 518 1332 129 401 1329 1090 405 524 762 797 682 32 1229 1108 372 256 410 920 141 532 295 684 1101 923 654 687 418 929 1380 40 45 1240 1001 301 150 420 658 1505 302 422 660 930 694 1501 424 306 814 992 426 578 816 47 49 701 1389 1508 1010 155 192 549 670 1126 1362 1394 316 198 706 1392 318 708 827 201 58 592 711 830 1282 63 1261 1142 1022 164 1259 1139 166 1257 438 321 559 1408 1170 950 1522 1406 1286 1166 1253 597 209 1251 955 600 482 958 873 602 485 875 877 
1303 1422 989 370 135 645 765 647 1530 215 335 454 649 845 1340 100 220 848 36 613 884 811 12 1359 1314 1119 1539 853 1234 303 541 1502 1112 1155 187 620 663 773 505 937 777 1272 1467 969 1326 153 274 468 1051 666 1085 1280 668 507 551 1396 671 747 704 1393 1198 869 1003 200 1478 1476 1023 1218 1454 1451 363 439 1290 247 1287 1482 87 130 1167 1405 1449 596 1520 327 835 911 971 674 643 718 838 93 721 1370 1173 
33 1185 1151 177 568 213 1106 1300 573 260 456 1102 1491 74 339 102 730 806 688 883 1499 44 1196 1312 1464 1506 615 1429 270 184 1427 995 1113 305 993 1036 933 308 774 820 896 16 547 1518 235 863 1440 162 237 1515 509 1438 868 900 1242 1046 1122 633 946 594 1057 1336 85 1091 1208 211 525 407 916 1172 
683 878 1052 987 291 1202 508 985 1320 1417 922 870 786 905 1381 81 1302 1400 890 24 1217 123 1158 342 419 1193 1523 281 1536 736 1352 445 500 522 716 954 1447 1230 545 604 583 

1066 1260 1226 1127 1343 753 451 1388 441 841 1398 1267 962 1223 1373 457 1209 858 981 92 689 
430 357 476 770 691 
55 1250 1304 1248 1148 232 276 95 1474 117 1342 455 218 337 771 803 1123 1512 825 751 881 924 1479 1141 263 147 224 206 520 1231 404 286 577 622 741 893 289 699 51 
409 564 359 
Took 365240888 ns