1290 354 627 326 305 913 1359 359 624 1379 277 
374 213 1377 95 138 1105 259 725 1460 1177 533 608 1339 1024 1434 1358 1000 268 150 500 739 1035 578 622 697 937 506 49 583 1271 52 1051 547 666 311 431 313 900 1122 1392 709 58 1480 398 1261 1455 1335 1255 128 1094 1213 1407 248 1211 1363 250 640 953 446 911 1014 286 643 837 795 66 601 677 483 873 
567 449 571 1300 1179 1529 457 883 10 11 1196 1540 1538 223 225 463 1072 1429 1309 346 1189 1427 4 1069 1067 776 899 20 1206 1324 1443 1441 353 1083 1320 119 1081 901 903 786 905 788 21 909 26 1454 1215 363 976 1332 974 1450 367 131 971 1090 1209 1447 794 679 798 917 919 29 1347 369 1345 254 137 376 987 1106 258 1224 141 1221 1101 804 36 808 929 1238 144 1116 996 1114 813 695 818 50 1250 1131 1009 157 278 162 1125 823 591 1142 1259 1018 952 1135 716 1252 599 720 484 70 173 1152 1147 180 723 961 487 845 965 728 849 81 1040 852 618 381 738 857 502 741 385 1465 1052 1048 1473 628 867 392 1047 512 1479 1476 635 1485 1365 399 401 283 1056 405 644 526 289 1367 647 1376 292 412 1491 771 653 1381 1378 538 1506 660 1265 304 1383 663 426 190 1508 546 1399 1517 312 194 1396 433 671 1394 316 673 198 1524 321 85 205 443 87 563 207 1520 90 

31 880 34 1348 990 1344 331 569 645 375 333 841 410 572 843 1104 1223 1342 217 99 964 1026 219 772 221 103 492 494 37 690 692 44 1117 1236 341 419 301 998 345 541 617 736 855 423 1188 1426 1502 1350 189 698 387 1194 1050 1127 232 114 1204 160 473 1322 116 670 1513 586 1274 1436 436 555 870 593 1401 1281 1140 241 1137 243 320 171 400 1092 565 328 480 915 68 603 799 1487 
237 206 866 674 1446 632 136 
1034 1421 1029 450 959 1182 1419 96 334 1180 216 218 1263 1144 1295 966 968 77 884 80 886 7 82 1164 1431 459 1193 1312 224 343 733 1537 107 497 616 1428 854 1535 5 230 501 1186 1424 860 504 386 775 388 1076 15 780 19 1325 1442 468 472 235 745 510 1199 1318 868 393 1078 902 395 515 1456 1064 1453 361 1214 757 1212 1330 521 759 1091 132 970 1208 1371 918 1488 682 35 1110 1108 1225 253 763 528 530 650 414 652 296 1100 416 535 686 298 810 40 45 1237 1235 146 266 149 997 1504 1349 1500 935 699 702 53 1249 1246 279 161 669 1516 1126 314 585 824 1393 944 1003 947 829 59 592 63 1023 1293 166 1138 556 168 439 558 1409 1170 1522 951 1287 1521 445 715 1134 1013 447 210 329 838 482 602 
94 570 842 1375 454 1027 1222 1102 1025 1490 923 1175 654 76 850 1497 43 1315 1163 262 999 1507 1387 615 1267 184 995 1113 619 187 576 1305 815 894 700 582 896 1389 781 153 1248 664 351 864 118 475 508 1515 390 552 1006 434 1004 1242 1435 708 590 785 712 1519 65 979 165 1020 1452 754 977 1483 88 402 834 792 209 285 1089 840 1486 
1185 1423 1304 176 448 1148 179 212 451 182 960 1418 606 1528 456 575 100 338 74 1143 1526 610 848 1302 12 1195 1433 1042 1160 340 461 1192 853 1462 226 1036 382 859 505 779 1087 350 471 861 234 625 117 236 1321 1472 1319 1438 239 1542 630 749 1046 514 787 791 1099 1097 1451 753 1366 130 973 522 642 761 524 675 406 683 1227 370 768 984 982 534 805 418 300 1380 1499 811 1119 1357 145 1354 1268 539 151 1115 1234 303 1352 542 931 993 425 1230 188 308 816 47 701 51 55 273 1245 549 1008 1278 822 1514 672 705 945 319 60 594 1400 202 84 949 442 325 444 1285 208 597 1403 836 871 485 1292 1172 
878 1422 1531 330 568 452 215 1299 336 1416 1414 220 339 1183 888 9 13 458 1073 1311 105 2 1071 465 228 1307 1425 893 895 778 16 1088 1445 1205 349 470 233 352 115 355 1202 1439 476 1543 120 358 1437 122 907 22 1086 24 25 1337 1098 242 124 126 246 366 1449 972 1328 27 681 30 991 1109 1346 252 371 373 135 256 377 1341 1459 922 981 926 689 691 42 1355 265 1353 270 1233 812 994 694 579 936 581 938 820 1130 154 276 1362 587 1360 707 589 57 828 1258 1139 1019 1256 1136 831 713 833 478 1133 717 955 600 719 722 71 174 177 1028 724 844 488 1145 846 490 1262 967 611 732 495 1045 1041 851 737 1037 1155 858 740 503 1469 1055 1053 862 1475 744 507 746 865 509 750 631 634 1066 1063 1060 636 520 639 403 288 1369 527 646 1496 1494 1372 770 532 656 420 658 1266 1264 424 1501 662 427 1391 1270 1280 551 1277 195 1275 197 554 435 317 200 1283 557 441 1523 204 324 562 1286 89 92 876 1291 
879 1301 1420 214 1181 573 1417 335 98 1415 1296 337 882 1184 890 1313 1539 222 460 1 1430 462 344 1310 1190 3 227 1308 347 1306 6 892 774 777 898 1075 18 1326 231 1085 474 356 1082 238 1080 121 1317 906 789 908 23 1218 1216 360 1333 244 364 1095 129 910 793 678 801 1229 989 1226 251 372 1343 134 255 257 139 985 920 1103 1340 684 803 1338 806 925 927 39 693 1239 261 143 1356 1118 147 269 152 1232 1112 933 577 819 54 1012 1128 1247 158 1007 941 1243 943 706 1241 826 56 710 62 64 1022 172 1016 1253 596 954 1251 956 604 72 1032 1030 1149 1146 181 962 726 75 491 730 493 79 1156 1044 1161 1159 1038 498 380 856 1154 383 621 623 1466 1049 743 391 629 748 511 394 513 752 1478 1057 1065 517 756 758 641 287 525 408 290 1370 1489 529 648 411 1493 294 415 536 1498 655 657 1386 540 1384 1503 185 543 306 545 1509 665 429 548 310 1398 1276 196 315 318 201 1412 438 559 1171 440 323 561 1169 1288 86 1406 1166 1404 1284 1402 91 1173 
1303 1151 332 97 1298 574 963 1176 1527 101 612 78 885 496 887 889 1077 1314 1432 735 1461 1070 109 466 1068 1187 111 1467 17 1207 1203 1474 389 1201 782 1165 784 397 516 790 980 1061 125 245 1484 247 519 1093 1331 1482 1210 1481 760 404 1327 676 797 916 33 133 764 378 1374 260 531 769 413 802 983 295 417 688 38 41 1002 264 148 1269 1505 659 422 930 1382 307 934 46 48 1273 1390 584 274 1518 280 1397 1395 704 1361 1511 825 946 61 1282 1141 164 1257 1254 322 1408 1168 564 1015 835 718 481 957 839 872 67 721 1410 
83 1121 163 1010 1043 467 537 1059 170 667 560 1084 106 193 821 1471 1079 1220 1111 112 914 948 1368 877 
1533 271 1129 155 178 275 766 863 1495 939 1440 605 747 1297 1373 142 727 609 869 1457 199 881 807 613 1510 263 123 1039 1158 1074 1388 1464 127 1289 637 1191 714 477 348 544 814 773 211 191 69 875 978 
1153 1033 1532 175 1150 566 1530 453 1178 455 607 489 847 1294 1413 102 731 614 8 1162 1157 104 1463 734 108 499 110 229 1534 891 384 742 1470 14 897 1054 1444 1323 113 626 357 1200 240 1198 1316 751 783 633 396 904 1477 1058 1217 1336 1062 362 1096 365 755 975 1364 518 638 249 282 1329 1448 284 523 912 762 407 680 28 800 32 1228 1107 765 988 409 767 986 291 140 649 293 651 921 1458 685 297 924 687 299 809 928 1120 267 183 302 421 1385 661 1351 186 992 696 309 817 580 1272 1011 272 156 428 159 430 668 192 1279 550 432 703 1244 553 942 1005 1124 1512 437 588 827 830 1260 1411 1525 1021 167 169 950 832 595 1167 1405 327 479 1132 958 1174 
73 969 1031 469 940 1492 1123 1197 1219 1541 711 1240 1001 1334 342 203 281 464 1017 1536 368 379 1231 598 620 93 796 874 1468 486 
932 729 
Took 354721039 ns