781 54 174 989 231 1049 764 310 376 473 280 291 529 217 747 536 611 806 925 1480 789 1453 1355 1366 1192 1310 1461 1482 90 642 1067 112 524 774 408 603 
55 1055 1325 467 374 1182 986 843 314 510 770 1124 684 1144 924 785 1476 1121 1136 147 1157 538 88 1535 1112 722 71 
1227 449 1420 1496 138 182 487 725 1103 413 1026 1415 804 966 687 39 82 10 1162 143 1118 1268 1311 1506 151 1503 737 1232 424 543 1350 187 306 1111 1230 698 1469 581 820 19 1326 1053 278 429 745 118 195 198 319 633 59 1477 26 1336 1258 1019 557 1060 753 170 443 1287 520 563 1330 640 565 1090 1446 1371 290 28 800 
30 1034 1185 1348 134 1148 571 258 1180 1224 140 1491 414 489 982 1219 535 882 37 691 1156 9 1239 1043 262 1354 459 104 461 1430 269 539 1190 185 618 1036 1068 1501 621 696 48 1509 899 1250 1445 271 1011 114 352 471 1048 548 354 625 669 1202 1396 1439 552 1200 1437 901 1078 632 707 751 200 784 634 979 361 126 560 85 247 518 951 595 833 1521 326 445 1015 1252 718 482 1488 
1032 448 568 332 1301 570 842 724 1027 1528 99 456 727 967 76 492 885 1184 1434 1540 1314 1038 2 734 345 736 4 228 1307 1426 230 1305 387 1468 17 1323 351 1472 357 1081 867 240 630 1317 1436 512 869 396 904 1086 1057 1218 1065 1455 1335 977 1332 283 759 1210 522 404 675 913 406 678 1369 801 1486 35 1228 369 1344 375 527 257 766 377 920 295 1220 653 981 1379 1238 1353 267 420 1504 660 1351 1231 1382 934 815 697 819 583 702 272 1010 1009 1246 665 1518 939 553 197 1242 706 945 56 709 591 712 1401 1023 166 169 321 1171 949 442 1288 1407 86 477 834 1253 1404 1284 479 598 956 872 839 602 483 69 
252 1159 113 320 1289 1523 431 474 626 1071 1126 1515 822 131 294 596 748 1037 846 1004 1328 593 811 1498 
1423 372 572 606 608 1413 102 729 968 40 83 1358 1313 263 1040 655 342 419 1269 268 998 1072 1267 421 497 1265 858 47 1271 51 664 666 1203 236 508 554 673 393 436 587 1003 828 24 1452 243 1059 1095 400 208 836 481 676 407 485 919 
854 444 504 898 1389 
72 879 1153 1303 1422 1532 1150 567 1028 213 960 605 455 726 490 1526 848 75 103 8 13 1077 1315 1161 1431 460 1 733 852 1309 1428 617 1070 347 380 1155 1424 383 1207 1087 468 1050 862 507 1083 389 628 1198 1165 783 514 516 398 908 22 1064 1097 1062 125 363 636 366 975 1094 1364 1483 129 281 1450 248 401 973 641 285 796 679 682 990 1347 255 1377 648 292 651 802 983 1457 299 1381 1510 1119 146 537 301 659 1352 661 694 813 426 816 936 1390 53 274 1280 549 161 1007 672 1362 827 708 590 592 61 164 1524 1018 1256 1290 84 1408 172 1522 87 207 954 957 93 720 70 1172 
1304 175 251 370 1226 1531 450 988 409 454 573 1223 1460 607 921 100 965 1490 1100 221 297 730 883 80 693 11 1045 1359 1000 1237 1117 1235 149 462 930 995 500 1187 111 891 892 505 818 700 15 20 349 1051 469 115 1204 1279 1514 433 629 1199 392 435 1079 1393 1512 317 1435 513 903 58 905 1283 1478 1519 791 65 1066 1021 124 558 1484 204 1213 324 974 282 760 1133 1208 1327 599 958 877 1410 
173 1109 1152 1030 373 1530 1105 411 1374 769 844 984 575 219 1295 610 494 1302 41 1120 148 150 463 1536 227 662 738 1306 814 1349 577 384 699 1076 1131 1054 1443 667 192 1084 117 550 865 315 585 942 121 826 947 711 830 906 21 62 1020 1063 556 171 1331 1405 1447 970 600 876 
1360 805 525 927 
235 466 1459 825 944 329 1196 1508 
1444 1345 330 180 1085 1376 1398 723 962 900 1338 613 948 63 754 1464 225 1386 109 715 972 1069 1383 717 912 211 388 1466 
1249 273 253 276 763 353 1181 961 1494 530 1102 705 1176 318 77 79 809 1044 1140 1334 1356 1257 145 1193 831 997 249 382 68 604 1270 
1129 136 1485 95 755 215 1375 1505 1529 379 1114 488 499 403 209 1392 644 1075 1378 

768 
531 1244 
1533 1031 1146 1300 216 98 574 1416 337 1024 1143 884 887 7 1163 1539 105 1463 107 346 857 1425 893 775 778 234 472 863 1440 237 1320 509 1471 239 511 395 907 23 980 359 241 1096 246 519 758 250 792 795 1489 27 681 1487 683 31 34 1108 1342 1493 293 650 803 1101 1339 1458 415 686 417 38 43 1002 1236 265 656 270 1115 1234 303 422 186 425 576 188 935 46 157 1516 1277 1394 588 163 168 1409 205 562 713 1406 325 1286 1520 597 1014 1132 1251 480 838 874 1173 
880 1029 1147 333 1418 845 1263 496 1183 1160 341 344 226 465 498 229 5 739 1154 773 859 503 741 895 1467 969 1441 743 864 1473 627 119 390 476 866 1047 394 902 752 397 786 790 1333 123 242 1365 399 367 638 130 1092 1211 1448 674 761 288 915 978 1367 1229 371 137 256 528 987 1495 139 534 807 689 1380 692 1001 261 1387 996 1233 992 545 578 309 50 52 153 1247 1127 1245 279 311 162 194 1006 1125 196 1123 555 57 1400 1022 1141 1260 1525 165 1138 167 1255 441 832 210 

336 1189 542 856 1107 1061 244 
1421 176 566 212 94 959 334 97 963 1145 1296 457 1414 220 847 101 491 886 1164 1432 1041 222 851 853 1191 464 735 1308 1427 110 619 1534 501 1186 6 622 860 385 742 624 777 897 1194 780 1206 1442 744 1474 746 1319 358 391 122 1046 1316 1541 515 787 25 1456 1217 364 635 1214 127 756 368 639 1363 1329 971 1209 794 914 680 918 33 991 412 1222 771 922 654 1499 144 264 657 302 423 305 544 308 427 190 580 49 1012 158 668 1395 1243 316 1122 199 437 589 710 829 60 1293 1411 1259 1139 1137 203 322 478 835 837 92 67 721 1291 
586 339 933 
179 331 569 181 452 1299 335 1417 1297 1177 338 74 1262 849 493 78 495 614 12 1195 458 223 1429 1462 3 348 381 1035 502 386 894 1465 1205 350 861 1082 1201 238 1438 1318 750 782 1197 788 1099 1451 976 637 1481 284 523 793 1056 287 289 797 916 1368 32 1110 1346 133 1225 1343 254 647 767 985 1104 1341 1221 652 685 416 926 300 808 928 42 45 1507 183 304 812 931 1113 993 663 695 189 191 1273 582 701 1391 546 1517 193 312 670 941 1276 434 1005 704 824 1361 1511 201 1281 1142 1254 559 561 1168 564 1134 1166 716 1013 871 873 486 1292 
1215 428 159 1312 214 128 1397 943 1527 946 799 584 909 
890 1073 540 757 1093 447 772 1337 937 1272 135 
878 1033 645 451 841 1106 1419 96 410 259 378 649 1373 1492 142 1340 533 728 732 810 81 888 1433 1357 999 1538 1074 615 658 1116 616 1266 184 541 855 932 620 623 817 1470 506 938 14 779 1088 1324 155 233 116 160 356 432 821 1080 1513 823 631 594 1282 1058 1454 360 362 438 202 365 517 1170 1017 206 1167 1449 953 1091 446 911 1402 91 286 66 526 1174 
453 1135 994 1542 601 840 1370 232 

177 646 1179 218 532 1372 1025 612 688 850 690 929 44 1158 106 108 1384 1188 1264 307 740 896 1130 1248 1052 156 275 277 1399 1475 430 355 1321 475 671 703 1543 120 749 1274 1241 1216 439 714 1016 521 910 89 132 1403 328 1089 677 29 
73 1151 1149 178 765 1298 141 260 1178 964 296 609 923 1175 1294 881 298 418 731 36 1497 889 1240 1042 340 1039 266 1388 224 343 1537 1385 152 1502 1500 579 776 16 18 154 1128 470 547 1322 1008 1278 313 551 940 1275 868 870 1479 64 1261 1412 1098 245 440 323 950 1169 1212 952 402 1285 327 955 405 643 762 719 484 798 917 875 
Took 334962771 ns