33 133 567 1300 1495 1221 728 924 299 883 614 929 41 1121 999 656 107 1069 186 993 111 501 858 1424 622 1469 53 1325 471 1204 1280 549 1517 1440 313 119 238 316 945 784 827 710 165 360 242 127 564 1015 1448 478 1252 447 871 720 978 


148 995 759 674 416 1131 
31 880 1152 253 448 1148 136 1146 332 1377 842 962 260 606 1460 1175 1262 1457 75 297 887 1183 13 1196 1433 1161 1354 265 342 1464 733 269 615 1310 1536 930 932 49 1444 1324 276 1049 279 311 474 939 552 671 1319 196 1080 1437 1542 121 554 824 393 588 752 909 1021 1138 556 1451 169 126 440 635 1290 1214 561 1094 1169 249 1363 131 953 1329 760 1208 524 957 481 604 875 
173 1151 176 181 1182 574 1416 337 846 1527 101 966 1294 731 495 888 10 458 1038 1192 464 735 379 4 1307 229 381 1068 383 503 742 1076 1194 17 1326 1206 354 1322 1201 1081 239 1436 632 902 634 906 791 1337 1454 1059 125 1485 367 519 974 639 521 284 911 404 970 1089 796 800 1367 30 1229 989 1346 1107 1226 252 375 646 528 1105 411 531 769 1341 1491 296 45 1358 1505 302 1503 1501 187 426 47 580 699 583 1271 1389 272 1278 162 822 1244 705 1274 318 57 61 1400 64 1139 322 1522 1168 1287 1135 1405 715 446 211 482 602 873 484 70 1410 
449 763 235 1202 670 724 920 867 965 1004 1047 654 785 788 264 439 170 1096 1366 108 952 1037 565 619 504 
54 1011 1052 566 428 115 766 193 627 195 487 1103 1471 673 684 826 1237 442 1462 497 1450 325 563 207 1481 327 1306 1035 188 405 794 525 676 741 816 679 1487 898 
32 94 333 452 648 723 454 1179 220 417 1156 44 1163 1042 1040 1074 1386 465 1384 994 1264 545 892 385 581 1468 1088 1207 349 157 470 666 1518 192 1083 237 356 746 748 1199 240 392 1046 1360 789 1057 26 1063 1060 1409 246 560 85 1211 1286 641 1133 872 67 
1227 1030 178 1028 765 257 334 378 141 455 1178 413 803 922 1295 613 809 885 691 1380 1498 890 1164 1041 1159 997 1116 1429 1309 617 1265 812 1500 696 190 579 896 18 969 155 546 277 117 312 669 864 1513 1317 1361 750 825 1122 397 591 60 593 65 25 1099 1261 1097 1257 86 638 206 1521 834 792 1209 1402 480 675 644 838 1369 919 1291 
1032 1149 254 182 529 216 985 1222 983 100 1101 923 687 807 850 690 886 82 42 9 1315 1044 1000 1312 1388 152 109 424 576 663 50 1465 15 271 1129 159 116 1474 280 821 1082 1320 391 1243 436 706 589 905 59 594 980 1066 1456 163 1217 1259 1333 124 1170 1364 205 248 757 1092 1449 837 601 1370 682 801 
568 212 527 570 960 572 1297 1373 964 1526 76 103 536 1302 83 1118 1160 1355 104 268 344 498 1233 737 348 500 1382 306 891 1111 1305 774 386 1054 153 1050 232 547 310 1475 194 510 944 1197 394 946 21 1401 1519 1020 244 365 1408 1484 128 758 596 915 
1153 507 1299 1375 585 651 1177 511 982 1393 847 1100 199 437 513 751 298 81 1098 143 1356 1062 1255 537 462 204 1427 185 1091 1210 1383 403 522 597 717 91 936 1489 1391 
879 1532 1147 331 213 215 97 1529 456 489 727 102 610 492 79 1184 889 1434 1162 106 618 1425 5 621 1470 624 506 1075 781 20 1055 1445 1323 1442 231 469 114 234 353 862 1203 626 475 508 1472 866 1198 903 787 1479 908 1477 23 1455 361 754 636 1483 400 1093 368 130 283 972 1447 795 27 1488 29 1228 134 988 140 259 1104 1492 770 1372 414 1220 534 925 808 1381 38 1499 1379 1002 1119 1117 1236 1353 267 1269 659 1234 422 542 425 544 814 934 427 818 937 52 1247 1009 1127 1279 1397 432 1006 1514 823 587 1241 828 592 1023 1141 1136 558 1254 202 1171 949 441 1167 326 445 954 1251 209 719 840 1174 71 
878 174 1033 1303 1031 177 450 841 96 844 99 1296 1415 219 1176 74 339 1143 848 78 496 1045 1077 1432 223 1 105 1463 1430 225 1428 346 736 855 228 380 857 620 739 1186 773 623 893 388 777 1466 899 1087 1053 467 351 861 863 236 355 357 390 476 1079 122 512 1435 514 904 22 1215 1061 363 977 247 399 282 402 523 1327 286 643 762 914 677 408 797 290 681 1368 34 1110 1348 369 1108 251 1225 373 645 256 987 377 530 1342 1374 984 653 535 686 926 689 928 811 1378 1497 1240 1001 1238 262 419 149 301 183 539 151 270 541 305 694 813 1112 1231 1350 308 697 46 702 1508 1130 1248 154 274 1246 664 278 667 1399 431 1008 1126 940 434 942 1511 56 319 708 590 948 830 712 1281 1293 1525 164 168 950 835 1284 1403 955 600 93 958 485 1173 
755 230 707 935 979 775 1345 1282 
851 1288 629 526 1086 
73 1423 1150 1029 569 1420 843 336 963 218 488 1144 1263 490 221 968 612 7 1538 1039 460 1193 1311 226 499 1188 738 1155 110 6 1467 1441 1085 473 625 389 747 1438 868 631 901 1165 783 396 516 1480 1476 1095 366 1332 1212 910 642 793 912 1446 678 918 647 767 1494 412 921 1340 295 533 1219 1338 688 300 810 693 43 1359 1120 655 1268 996 1266 1504 423 931 48 819 938 701 1390 1250 273 275 1007 1396 1124 1362 317 200 58 1283 62 1412 1022 1260 1140 1524 166 1018 203 323 831 713 444 1016 477 328 1132 479 210 599 69 876 
1339 555 1411 167 374 

1058 991 1064 359 1453 146 1106 518 1537 421 714 611 776 897 
1249 1010 180 1496 214 161 118 551 1439 98 532 1026 1394 749 198 729 805 493 947 1510 1043 224 1502 382 189 505 721 916 820 
1422 330 451 959 95 571 1181 1419 573 725 575 845 1145 608 1025 849 730 732 12 1195 1313 459 341 1157 343 852 463 616 1071 3 227 1308 347 466 856 1426 1036 1187 112 859 14 779 19 743 509 628 1200 120 358 900 870 1478 1336 1452 123 753 637 129 1330 640 285 1056 287 406 289 1371 798 28 1486 990 1347 1344 372 255 764 138 409 258 292 768 1223 650 1102 1458 1490 927 39 147 1506 657 150 1267 540 184 660 1114 933 992 1230 577 582 1272 1509 51 1012 1128 1245 429 1125 1276 1395 553 704 1005 197 435 943 1512 709 1258 1019 321 559 171 832 1406 1285 208 716 718 956 92 483 68 877 

1034 1533 175 1421 1531 179 1180 1418 457 609 1413 491 967 882 494 8 1314 1539 461 1072 854 1070 1189 1535 1154 1067 740 778 1205 352 744 630 782 869 1078 1541 786 398 907 790 1065 1216 1335 362 975 1213 281 1482 132 1328 370 376 291 293 802 652 415 685 772 981 36 1357 263 145 1235 266 658 1385 1352 661 1232 304 695 307 578 55 156 158 1398 1516 1277 433 315 672 1123 201 1137 557 1289 1523 1407 88 1166 90 598 1013 839 722 1292 
243 137 1365 453 1473 324 1190 314 142 1113 1275 1459 761 1392 884 874 895 
72 1185 1304 1301 1530 961 605 1298 1417 335 217 1027 1528 726 607 338 1414 1024 881 77 80 11 1540 1431 340 1158 222 1073 2 734 853 1191 345 1461 1534 502 384 860 894 387 780 16 1443 468 1051 350 113 233 1048 472 1084 745 1321 865 1543 1318 1316 395 633 515 24 1218 1334 241 245 364 517 976 756 1331 401 520 973 250 971 1090 913 288 407 917 680 799 683 35 1109 371 1343 135 1376 139 410 986 1224 649 1493 294 771 804 806 418 37 692 40 1239 261 144 1507 538 998 1387 420 1115 303 1351 543 662 1349 815 309 698 817 191 700 1273 584 1270 665 548 160 430 668 550 1515 703 941 586 1242 1003 829 711 63 1142 1256 438 320 84 172 443 562 951 1017 833 87 595 1134 1253 1404 1520 89 1014 836 329 66 603 486 1172 
Took 405279322 ns