1128 1354 181 1474 1386 270 345 940 98 823 641 1403 479 512 1446 774 689 604 1369 

55 276 988 746 703 219 393 981 318 633 59 61 1164 241 125 246 1311 831 302 994 1113 933 676 817 1173 
94 842 335 605 725 575 1026 846 1414 848 79 8 1434 340 104 1073 1192 2 106 1071 498 1426 1036 779 15 899 1055 1206 1052 113 1204 744 236 474 507 389 1200 510 629 1318 121 750 396 785 1477 1086 791 1057 1063 517 755 1483 129 400 282 1329 1481 911 1090 916 918 1367 31 1109 252 763 1376 258 141 531 1222 1460 413 921 415 1219 1381 1378 42 1357 1236 537 419 656 1507 268 930 1265 185 1502 306 426 698 936 1273 701 53 1010 274 278 1005 554 1392 200 590 60 1519 65 1141 165 1019 168 438 1136 832 1167 1014 209 717 329 840 
1185 1227 178 841 1530 377 962 1104 1373 607 964 727 101 609 685 75 729 926 885 691 13 1358 1000 1043 262 1038 461 657 269 1072 1116 996 543 382 695 859 816 580 1469 1467 1389 17 349 471 160 1084 1203 1279 117 864 868 1393 631 708 1281 1065 1411 558 245 84 1523 1482 1447 1013 1208 794 913 92 211 406 872 485 1174 70 682 
1207 1423 1325 1345 1030 180 569 137 1397 1221 1275 1340 1123 869 592 80 45 1217 1140 753 852 442 1462 281 540 736 1330 326 618 834 597 932 891 773 189 427 622 601 1470 678 818 938 50 1390 
878 1422 1346 451 1106 291 97 259 1529 1297 338 653 923 610 1498 460 224 659 380 739 992 1067 1154 577 935 309 1271 1129 1247 233 547 391 585 706 825 751 902 945 589 57 1456 1454 1333 1452 242 518 1094 1288 1406 563 640 89 598 761 958 799 28 

1359 1130 264 861 213 429 472 1301 766 745 107 379 984 1264 674 847 955 1457 917 1270 1486 
34 175 251 371 182 260 983 1459 1144 296 884 929 888 1238 1117 1355 146 1039 733 184 109 304 1069 1383 381 1425 860 775 387 14 778 1194 1508 781 1249 666 355 162 628 704 240 511 826 710 712 21 23 1261 1455 166 1257 124 1409 171 322 949 1169 519 757 974 368 1286 1448 835 954 970 721 
527 939 1504 1187 1274 122 967 1149 820 568 266 439 
805 1240 
72 1034 470 1245 116 235 997 497 1103 1405 434 477 931 197 1306 1339 523 836 525 904 810 584 


1041 
1202 1250 467 
1110 1228 1226 1343 136 645 375 1420 257 1375 1418 724 1179 99 924 611 37 889 1120 1237 538 1234 1309 1351 110 662 993 1231 1534 188 894 48 506 897 232 158 312 551 627 1007 1201 1513 828 398 787 1293 127 756 325 1211 402 972 838 
574 
374 452 549 1083 963 1543 770 1490 198 339 804 1241 1511 417 849 58 905 496 790 64 1432 1138 420 151 205 324 1115 855 1233 565 813 857 1068 288 699 1291 
879 1532 1150 566 1028 487 1416 456 74 221 492 77 886 9 1077 1160 342 226 465 228 741 777 18 19 350 1475 473 625 1440 237 508 1320 1081 358 782 1046 1165 394 515 1478 26 1099 979 1216 1485 1212 249 401 758 132 792 1209 404 1327 407 679 800 29 1108 376 1495 767 411 1493 769 920 1372 414 927 1497 44 1119 1356 145 998 1387 183 1384 1350 544 307 46 937 273 159 1398 941 196 553 586 824 1004 1242 317 827 201 63 164 167 595 714 833 1253 1132 1402 482 602 
173 1229 989 1107 134 570 1377 529 649 1492 142 1527 1143 1499 1379 1045 1196 1433 1538 144 1158 148 1464 463 617 995 1070 1114 1427 661 737 1307 1382 384 892 47 895 388 898 20 271 664 862 1322 626 195 314 1276 672 749 900 397 591 909 1259 1020 1334 1366 203 1484 561 1331 250 1134 208 1284 481 914 677 873 27 919 877 
980 163 372 764 865 1536 305 771 1295 501 504 623 742 1466 
1533 1421 1032 1531 1029 330 95 571 453 606 1528 488 1175 1262 881 494 1539 1431 344 616 499 1188 5 620 858 1035 503 893 1443 1049 867 1078 870 789 22 1476 1064 1335 1061 365 1095 1213 1364 638 520 973 1092 759 522 1370 1488 1348 373 140 1342 533 922 1338 1380 692 1002 1239 1353 267 149 1505 421 1111 191 581 49 1009 157 546 665 548 279 552 315 1124 1361 555 1282 1142 1525 1258 1137 557 1254 321 951 1168 953 1520 328 956 720 839 722 
32 177 179 1146 214 1105 1180 573 1298 1374 1417 412 650 684 535 103 493 688 81 811 12 1510 1314 1118 458 150 615 227 660 500 814 1424 697 776 1272 1076 154 1323 428 1085 1518 192 1516 432 1082 1439 509 866 316 435 630 1436 587 1541 513 632 709 829 24 1098 359 1062 440 247 172 86 1017 88 283 1015 1091 403 760 1252 793 91 643 837 408 
331 450 333 217 336 455 1145 1025 1176 220 102 491 614 1315 1044 1162 1463 1429 1461 1189 1305 6 385 896 1442 1051 1048 475 238 357 1317 901 783 752 903 25 1218 1215 361 1059 976 1365 399 637 1328 524 795 1371 798 1489 1487 991 1344 255 648 530 1491 652 982 1101 1458 536 806 299 38 43 263 301 1268 658 1232 576 934 579 1248 1127 310 1280 431 669 313 821 433 1512 594 1260 556 169 559 1408 85 204 206 444 952 1521 1285 90 719 68 
1244 425 912 718 875 
54 1326 1152 351 115 646 410 986 216 454 1263 772 514 687 784 968 495 62 1156 1412 1001 1313 1255 734 207 347 596 1251 599 815 583 876 1509 1172 
990 1033 1225 960 1181 215 292 378 1178 845 1102 534 1024 654 850 36 808 40 1121 1388 1430 1191 424 111 1230 386 582 1088 272 1053 1205 469 114 352 193 1396 1515 476 822 1047 1079 1003 634 907 362 1060 244 1171 130 1016 910 478 971 675 66 289 484 603 
765 802 978 
52 880 1012 332 667 138 161 723 1008 1494 1223 119 337 651 726 100 295 489 803 728 1100 1413 395 418 732 948 711 830 39 1401 1022 1018 222 320 462 225 975 1190 1287 1352 1404 327 383 480 112 797 71 
1147 449 1300 1419 334 843 1027 1177 457 490 730 613 1183 890 11 1195 1161 1159 223 851 1310 4 856 348 230 621 505 1465 780 16 1445 1324 234 353 863 1472 1438 390 1480 1337 123 636 1214 248 367 1449 521 284 642 1056 1089 286 290 35 1347 370 528 647 768 532 925 928 41 265 1269 1506 539 1266 152 541 1503 423 186 663 696 700 1391 1131 156 311 668 550 1126 1277 1395 673 705 1360 199 437 588 319 947 1283 1256 1290 1407 87 445 715 1133 486 1410 

1304 176 1031 959 1182 96 572 844 608 966 731 883 82 10 1157 1537 464 854 1428 3 346 1037 738 502 740 624 1075 1054 1441 231 1473 118 1471 1080 1199 1437 516 786 1479 1336 1453 363 126 754 977 1332 1450 1210 285 762 526 915 796 681 1368 253 256 409 1224 416 300 1235 655 1267 812 694 1112 187 1349 1500 578 190 702 1011 153 277 1399 430 280 194 671 1125 1514 942 436 944 1122 707 56 946 593 1023 1139 170 562 716 447 600 67 483 69 

683 1153 174 143 155 743 987 1517 1321 1522 303 639 1363 1166 965 1435 298 871 882 957 93 612 690 1302 
1496 560 443 294 
73 1303 1151 448 567 1148 212 961 1299 218 1296 1415 1294 1526 76 78 1184 887 7 83 1540 1163 1042 1040 459 341 1074 1193 1312 1 105 343 853 735 1308 108 466 1535 229 619 1155 1186 1468 969 1087 1444 468 1050 354 356 747 1319 120 239 1542 392 1198 1316 906 788 908 1058 1066 1097 360 1451 243 364 635 128 366 287 644 680 801 30 33 369 133 135 254 139 985 293 1341 1220 297 686 807 809 261 999 147 1385 422 542 1501 545 308 819 51 1246 275 1278 670 1006 1362 1394 1243 943 1400 1021 1524 202 441 1170 1289 950 323 713 1135 564 446 210 874 1292 
1096 1093 131 748 1197 405 693 
Took 516888391 ns