765 291 1483 1168 1101 173 1066 1357 1149 
1422 179 1146 137 1420 214 258 377 572 723 767 769 1492 1340 414 457 652 1025 492 77 928 1499 1184 1302 44 1043 1236 342 1507 462 225 269 658 734 1072 110 1036 1349 892 1273 778 897 18 1250 1205 155 113 351 310 429 473 549 507 119 358 553 1199 1437 1541 1479 60 712 1142 1022 1454 84 637 756 1094 1364 248 562 325 1330 402 521 972 911 1013 1327 797 
52 1087 1130 252 569 332 646 160 259 1223 531 963 218 942 392 630 900 1361 1100 1338 881 57 591 1379 64 1218 1001 1239 1042 170 245 1171 149 1310 1234 639 131 564 89 662 479 992 1035 505 1509 
1348 450 571 529 1373 575 803 1339 339 1024 418 612 883 494 885 80 889 1162 1192 344 997 1462 227 1231 49 779 469 115 1474 939 315 434 705 1004 393 1241 590 58 61 1337 1018 1256 438 364 1366 367 207 1210 954 1089 91 840 604 1410 
1260 157 254 136 180 560 183 518 1202 432 854 1115 1461 238 695 383 633 299 775 
72 1153 566 1147 841 1299 335 217 455 1027 1416 99 337 608 1143 848 103 731 886 81 1045 1190 855 499 109 381 1306 739 6 503 860 387 1194 15 1053 352 1048 235 625 237 746 1471 1543 870 395 516 905 980 1216 753 755 1214 1484 247 975 401 758 403 642 525 678 27 680 1369 919 683 31 1109 989 1227 1344 135 409 528 1106 1375 411 768 985 260 651 534 685 37 1381 811 1378 1358 1000 1118 263 1354 537 1506 1268 540 1503 185 1232 305 993 544 578 46 582 1390 271 1247 1127 546 666 428 279 670 1514 1362 1003 1360 588 707 56 827 593 1283 1140 1257 558 322 831 1407 1166 835 599 93 
878 73 1031 573 1298 1417 1295 1414 728 1526 496 888 13 1196 1041 1074 1191 735 466 1155 622 1470 1468 780 1206 1052 234 353 472 116 1322 474 864 390 509 748 901 632 23 635 1095 249 283 759 1481 32 1228 1347 251 1226 371 255 257 139 648 1224 1103 802 1491 1498 1119 1238 143 1353 148 998 659 996 304 1502 1112 933 189 309 161 193 1516 552 822 1395 1512 198 1122 710 62 1021 167 1137 321 1170 561 1017 444 1521 328 486 1172 
1034 1304 175 449 568 452 1180 605 962 456 1415 221 884 1183 83 1077 1315 1313 1431 1538 341 1311 108 346 1308 4 500 111 621 384 741 1325 1444 468 1050 743 236 1440 389 627 1082 1320 391 1080 121 749 1047 1198 394 514 903 752 907 21 979 1065 1098 1336 359 241 244 363 1059 754 127 1213 519 638 757 641 1209 1446 524 675 914 289 1370 1487 1367 369 763 375 1495 140 378 1341 294 1102 1459 804 686 925 807 36 300 690 38 810 929 1359 262 1388 1116 1385 422 543 694 1382 1111 1500 935 579 584 1012 1131 273 668 280 821 1515 1277 314 671 1125 1005 316 706 59 830 594 1261 1412 163 1524 171 1289 442 1287 206 833 326 445 1015 1133 1402 838 67 
1185 1533 178 213 1181 216 292 920 1372 965 923 535 805 40 82 1163 145 1039 1193 538 226 617 660 1187 501 663 1067 190 386 938 583 1246 350 470 1399 194 1200 1436 436 751 945 908 1019 1255 125 246 441 172 1522 129 1134 1448 1403 956 602 
1219 644 
879 1152 1032 1029 181 959 1182 333 1419 453 961 843 336 1026 845 1296 219 490 966 1262 882 76 850 614 887 8 11 1159 459 1157 1464 1 1073 1430 1537 497 498 736 1189 380 1307 228 619 857 1425 1534 504 623 893 1469 388 777 898 1326 1443 467 349 233 471 1203 1083 355 745 1472 120 510 240 750 1316 1435 513 398 906 788 1477 22 1217 1335 1097 1062 360 123 242 1485 365 1450 1092 368 132 792 285 970 1208 643 795 916 290 800 33 35 1110 1108 374 645 256 988 527 138 647 1376 1494 1104 983 1220 772 536 298 1497 693 1510 144 146 267 1387 539 1265 1352 423 812 994 1383 1501 187 577 934 697 580 699 50 1270 54 1011 1009 276 665 667 1518 311 1126 551 941 823 197 435 586 1393 317 555 319 1400 1020 166 1138 169 949 85 1288 713 951 563 1016 477 596 1404 1520 446 598 90 480 718 837 210 957 482 720 66 873 68 484 875 1291 
880 1151 177 448 330 1028 451 1530 1300 97 1178 100 846 1263 1527 1175 610 730 849 968 493 1156 1540 1433 1161 340 343 852 2 106 463 615 1071 737 1037 1069 229 620 891 1305 740 624 1467 14 1465 17 1054 1324 114 861 1085 863 1321 865 357 476 1081 1438 629 1079 868 512 1165 783 515 785 787 909 1476 24 1099 1064 1453 977 1096 636 366 400 1093 1482 282 1091 522 674 793 404 761 1368 682 1486 30 991 1107 134 373 1377 1496 1374 141 984 921 1221 295 982 1458 1490 415 653 39 41 43 45 1355 264 150 420 1386 184 930 1351 813 425 576 1230 815 818 1272 55 1249 272 1128 274 430 1397 162 1007 703 1243 1275 587 1392 829 592 63 65 1411 1258 1254 1290 203 1169 324 205 715 208 1252 717 719 872 601 483 876 70 
1346 1150 1030 212 1301 766 987 1418 530 1179 293 1222 607 684 924 967 687 1121 1044 999 1356 104 733 1267 421 379 1113 1188 502 308 427 816 742 936 191 1389 20 1088 154 1441 156 275 232 547 1517 866 704 1513 554 944 1197 318 589 708 784 397 1086 26 1525 1333 1060 559 1408 323 87 1167 1286 1363 834 597 1014 1328 955 92 406 600 796 1371 679 917 1489 681 71 
702 
176 231 1343 1280 669 842 487 574 650 672 902 1539 202 440 517 1365 1211 88 542 661 1253 760 836 1056 307 287 721 1075 
1466 
781 165 567 1136 126 278 657 1398 649 1384 347 1124 1242 1284 112 826 200 407 677 613 809 1076 
1033 1303 1531 331 95 960 215 98 606 844 1528 726 964 1145 489 74 101 847 1294 729 78 7 890 1160 222 460 851 1312 224 853 1429 464 1309 3 1427 1535 348 738 1068 5 1186 773 385 774 895 899 19 1055 1207 1445 1323 1442 1051 1049 1204 744 1084 1473 356 1439 1201 747 1319 867 122 1078 790 25 1455 1063 1215 1061 124 362 128 399 281 1331 130 973 520 640 284 971 912 762 794 408 1488 29 978 133 1225 253 1342 1460 413 142 296 981 416 688 926 692 42 1002 1240 1235 655 266 419 268 301 270 302 1504 1233 545 817 48 581 819 701 1391 1508 53 153 1129 158 548 312 1278 1396 195 433 1006 1394 673 825 199 946 709 828 201 1282 1519 1259 557 1409 204 950 832 1406 714 953 327 478 565 716 209 211 839 603 485 1292 877 
1532 1421 94 570 96 454 725 1297 1177 1144 220 75 10 1164 1314 1432 223 1463 107 345 1426 230 1424 859 506 776 896 16 1475 118 475 508 511 1046 396 634 904 1480 791 1058 1456 1334 361 243 976 1212 1449 250 910 1329 1090 523 913 288 915 799 918 28 990 1345 764 376 410 986 1493 412 532 771 654 689 808 927 1380 1120 1117 656 1269 151 995 931 186 424 426 698 47 700 820 1271 1010 664 192 1279 431 1008 313 1244 1276 585 824 1123 948 1281 1141 164 1139 556 320 439 443 1135 447 1132 481 722 1173 
1423 174 1148 182 334 724 1529 488 338 727 1176 609 1413 102 491 732 79 495 9 12 1434 1195 458 1040 1158 1038 461 105 616 1428 1536 465 1070 618 856 382 858 1154 894 969 862 354 117 626 628 239 1542 1317 631 782 869 786 1478 789 1057 1452 1332 974 1447 286 405 676 526 798 801 34 1229 370 372 1105 770 922 533 1457 297 417 806 691 261 1237 265 147 1505 1266 152 303 541 1264 932 1350 306 814 188 696 937 51 1248 1245 277 159 940 196 943 1274 1511 437 947 711 1023 1293 168 1523 86 595 952 1405 1285 1251 329 871 958 874 69 1174 
550 1114 1318 611 1451 
1401 
Took 344848060 ns