880 1151 176 330 449 568 212 332 1301 1181 335 454 487 844 1415 1025 1527 339 728 1294 75 882 614 13 1077 1196 1432 223 1193 1312 1464 1430 2 1462 464 616 735 3 108 227 347 499 619 857 1068 1155 1306 111 1035 740 893 1467 1206 1052 744 117 1202 747 1200 1542 1198 901 1316 751 1478 22 359 1063 1215 245 126 365 976 636 128 247 1331 282 1211 401 972 1481 760 1056 1446 526 798 1367 1229 1107 134 645 255 1495 258 767 140 411 142 294 1340 924 686 417 927 809 1381 691 929 811 1378 261 1000 1119 1235 1354 265 1387 1505 422 660 930 994 1264 186 1350 49 583 702 273 156 546 666 431 939 551 1126 1515 1007 942 553 435 317 1003 201 594 1401 64 163 1260 438 170 1408 831 951 444 833 1286 1404 1252 91 480 600 722 
899 1313 1192 378 854 520 984 1352 391 1091 121 284 971 490 1457 654 870 967 679 
878 1421 448 94 1417 606 1528 218 847 102 613 79 890 11 1074 463 1072 345 1187 1425 382 622 741 387 1468 20 1087 1053 351 470 1049 115 472 862 1084 507 746 1438 1046 752 907 1477 1336 124 1060 364 635 1095 366 129 757 283 759 132 403 1327 919 1368 35 1110 370 1345 375 765 377 413 802 652 684 1338 298 925 689 928 810 1499 1002 145 1353 149 657 996 993 576 933 820 1391 51 53 1248 310 192 1279 549 313 1276 1514 434 1004 1512 1241 318 826 948 62 1023 320 1254 202 561 1169 1017 1521 446 1132 1251 1174 
33 1422 1032 1108 1150 1531 135 647 724 99 532 726 1102 1491 219 922 848 612 688 886 1380 693 1238 1118 1431 146 1507 184 1265 1351 1112 858 188 502 935 698 742 1055 1444 1442 232 547 1008 671 822 1125 1395 585 750 1511 199 516 1480 592 1098 1259 1020 166 360 1256 557 559 1332 1134 1448 565 835 954 210 913 66 720 408 485 
1226 177 665 181 353 1420 1474 1083 97 118 238 1165 1175 535 319 850 790 43 1217 1314 262 1236 361 340 420 713 1168 1385 1450 758 328 308 860 892 67 602 624 800 1076 
72 173 1304 1033 566 1149 450 1146 960 1300 1419 1297 964 966 491 103 730 849 78 732 80 1184 888 1302 1315 1044 1039 222 341 1311 615 1190 1309 107 498 348 5 891 384 503 774 894 777 1194 350 1050 113 861 1475 1322 1440 237 1201 1472 628 1080 511 749 868 1541 632 903 1057 26 1333 1062 363 246 517 1213 248 367 521 640 523 642 762 525 644 677 797 978 30 1228 254 136 1377 138 257 376 528 985 1104 1493 1374 260 293 412 651 983 534 804 923 981 1219 418 36 1497 1239 1117 656 1388 183 659 1266 303 995 1384 1382 1111 577 191 48 700 54 1129 275 158 429 1518 193 280 670 195 1124 554 1274 316 1122 707 56 200 946 590 58 1281 165 84 322 1406 1167 834 597 1014 1402 956 871 840 70 1291 
1303 179 570 96 961 216 843 337 456 845 608 965 1143 1526 611 968 1195 1158 105 853 226 736 1308 380 466 1036 1534 1470 388 896 14 15 352 473 508 357 1199 510 122 1078 395 785 905 908 1066 1456 1216 241 1451 1092 131 1210 404 794 290 917 27 799 801 1486 34 991 1347 251 763 770 1220 1339 415 536 38 1498 44 1359 144 147 419 1267 423 305 1231 578 309 581 50 1246 161 669 1513 1123 436 588 1283 61 1400 1412 1022 1141 164 1019 556 168 1290 1407 1287 87 715 479 1013 718 482 
1293 331 519 152 866 1177 738 598 674 782 1230 796 682 
1152 1031 1148 1182 333 1418 455 488 1145 101 76 496 8 83 889 1156 10 1434 458 225 465 617 855 1426 500 230 386 1469 776 897 779 1465 781 1324 1051 1048 1203 389 627 1320 1439 629 748 1047 514 909 23 25 1453 242 1061 125 244 977 1096 1366 399 518 975 281 638 1212 1482 402 792 1328 1090 912 286 918 1369 1487 683 527 646 409 986 1375 1224 531 650 921 1372 653 1100 297 805 807 1240 1120 1001 998 269 1115 1234 1503 1383 813 1501 187 306 695 1349 545 189 817 52 1250 1247 159 548 1398 550 552 1006 196 672 705 1242 437 57 947 593 1519 1261 1138 167 562 443 1253 1520 716 1133 1403 211 481 874 604 876 
73 1423 1030 529 648 259 292 1179 457 982 1458 1024 221 1379 41 1042 1268 1429 304 229 814 1186 307 816 385 580 1272 1509 898 1445 272 1204 354 668 432 509 823 240 1079 1436 825 827 634 904 712 1524 1257 1137 1255 442 756 950 1483 832 1016 1285 208 599 838 915 958 1371 

879 569 452 572 1180 1298 574 338 1414 883 887 12 1540 1538 460 1 462 1071 1536 1428 1069 1067 1305 1424 6 895 1075 16 17 969 1325 1205 467 231 471 234 1085 116 355 474 476 120 239 1437 1197 906 788 21 791 24 980 1097 123 243 362 1330 250 1209 1447 676 680 29 32 1348 369 989 371 253 373 137 256 1342 1103 920 1459 1101 687 806 37 39 1121 1358 143 263 268 997 151 932 815 697 46 936 819 938 584 55 153 1010 1128 155 1127 277 703 1244 943 587 706 829 60 65 1139 1018 1135 478 955 837 601 483 721 69 1034 175 180 182 605 962 725 489 74 1262 731 493 1043 1162 1159 1038 852 734 1461 618 381 739 623 505 1054 863 1473 630 393 633 398 1479 1065 1059 1484 1363 522 285 288 764 1496 769 1373 295 301 1506 540 185 424 543 426 1273 1271 1390 1399 1517 1277 1396 197 555 1282 1411 558 440 1409 560 1523 1288 86 1405 207 326 564 89 209 92 872 875 1172 
1105 302 910 836 
990 372 1028 233 214 356 1529 315 1275 1362 414 198 685 828 63 1337 1357 1161 754 1171 172 1386 1449 477 596 1502 447 329 71 
1393 1435 1334 252 469 

1188 
1533 1185 567 1029 1147 213 95 215 334 453 723 1027 575 100 1144 1263 220 1413 881 81 7 1164 1433 1040 459 1157 461 851 343 1537 1191 1310 497 379 1189 4 228 737 856 110 1154 859 506 778 19 1088 349 468 114 625 236 475 1081 358 1318 512 631 783 396 786 789 1476 1099 1218 979 1064 1335 1452 753 1485 755 1364 1093 130 368 639 973 911 761 1208 405 914 289 1489 28 681 1109 1227 1346 1343 1494 410 530 649 768 1460 1221 803 296 772 300 45 1510 999 1355 264 655 148 267 1269 538 541 812 931 1113 694 425 544 663 934 190 579 701 582 274 157 1245 278 667 1280 160 312 1397 162 941 1005 1243 704 586 673 824 944 1360 1392 59 711 1142 1136 169 439 321 203 441 1170 1289 85 1522 206 595 952 1166 327 1284 93 839 873 484 603 486 1292 1410 
1153 174 1532 451 959 1530 842 573 963 1416 1026 1296 610 729 492 77 494 885 82 1183 9 1045 1163 1539 1041 1160 104 224 1073 1463 733 344 346 1070 1427 1307 112 383 504 18 1207 1323 1441 626 1321 1082 119 390 1543 867 392 394 513 902 784 397 787 1086 1455 127 1365 1094 1329 641 970 524 643 675 1344 374 766 1106 139 291 141 1222 1492 1490 416 299 808 692 1356 539 658 1116 270 421 1504 1233 661 992 1500 696 699 937 1508 1012 1130 154 1009 664 276 428 279 1278 1516 821 940 589 709 830 1021 1140 204 323 325 953 90 717 719 957 1173 877 
31 1225 178 988 571 841 1223 98 336 1178 1341 607 727 771 1176 609 926 884 495 690 40 42 1237 266 537 106 150 1114 542 1037 1535 662 501 620 773 427 47 775 818 1466 1270 1389 1131 1011 1249 743 235 311 430 745 864 314 433 1319 1471 1394 900 1317 1361 945 515 591 1525 1258 171 949 1214 637 205 324 400 974 563 714 88 445 1015 1089 793 287 795 407 678 916 68 1370 1488 
780 1326 271 1443 133 987 1376 1299 194 865 217 533 846 1295 869 708 710 1058 1454 342 249 109 1232 621 406 
Took 334147191 ns