45 78 29 21 184 197 335 199 242 137 192 223 287 289 33 88 
36 140 257 215 369 260 334 262 371 145 295 338 105 80 40 301 7 49 268 1 186 303 229 155 4 347 190 116 308 54 16 19 272 118 356 200 127 25 27 167 171 130 173 132 251 282 92 286 329 291 76 
56 274 158 366 234 160 259 313 100 144 165 198 219 104 126 296 298 320 107 61 22 67 48 170 340 342 152 174 206 270 111 344 346 284 307 328 71 50 75 
57 362 133 294 178 66 
34 38 365 179 139 182 332 98 143 216 101 293 146 263 103 337 299 8 47 11 264 109 2 304 345 306 5 52 156 235 353 196 163 355 317 65 69 31 166 168 359 128 360 248 207 135 252 211 96 213 290 
37 39 176 351 277 99 238 281 240 221 243 41 86 43 46 9 12 129 149 247 267 361 151 110 154 188 325 114 209 233 70 309 72 194 13 77 
79 18 273 138 350 119 141 183 258 368 161 279 312 122 358 202 297 222 82 321 84 24 26 28 30 244 265 225 322 228 250 153 187 271 3 91 113 283 232 327 348 95 288 195 53 
14 10 20 157 254 275 159 108 352 120 142 227 302 323 134 241 125 231 115 201 191 60 74 23 
17 59 349 214 121 185 354 239 292 315 319 106 204 83 42 44 249 343 363 90 208 230 253 94 212 97 73 55 
164 112 123 193 64 256 224 330 341 
217 370 124 147 169 172 

89 226 189 
310 
177 180 255 276 278 237 280 314 316 357 318 339 81 203 205 63 87 245 266 150 175 324 93 285 117 311 51 


15 35 58 181 367 236 331 162 333 261 218 102 336 220 300 62 85 68 148 246 131 269 305 364 136 326 210 6 32 
Took 100798692 ns