1525 203 430 647 657 96 1483 86 433 1079 1512 609 437 913 
969 1011 1044 217 109 1253 327 1036 1208 535 859 698 79 290 1271 
72 1422 1532 1053 1346 449 136 158 235 473 528 549 960 1105 292 411 1276 456 1080 392 435 511 869 708 299 948 1283 1218 1434 1432 247 269 562 1168 1450 1363 347 1037 814 48 918 877 
1206 1364 519 87 98 206 487 1081 1145 1436 111 838 1468 1378 

54 1055 274 94 959 571 987 1007 1177 1491 785 300 689 811 1215 263 1038 343 225 853 973 1384 466 1069 662 957 309 818 978 
1228 177 134 253 373 1377 378 260 574 725 1103 337 651 1175 1219 1100 806 1498 1183 8 41 45 1118 1538 145 1353 461 1269 1388 852 1386 464 1190 540 228 1351 813 1306 382 858 545 773 934 816 624 1076 1466 51 272 155 350 1049 428 547 1280 1399 939 1516 1514 867 1005 1243 1317 943 198 631 825 902 63 23 163 1098 1019 1452 1255 1096 1290 171 128 831 1094 326 1448 1252 523 970 1446 329 643 762 406 600 27 71 
73 174 1225 567 182 409 1106 215 573 1417 802 489 102 536 882 808 929 1379 888 83 12 1510 262 999 1237 144 1310 107 737 1188 1502 993 187 306 620 817 775 1273 55 1012 1326 153 278 353 743 1279 432 475 1437 240 586 1004 1198 1242 1435 513 707 904 787 906 712 908 790 1057 1455 556 243 170 440 755 1288 951 282 1015 716 90 286 871 914 720 839 602 1370 604 682 
1203 795 
880 1151 157 232 254 276 351 765 376 97 1342 1244 672 219 684 1220 772 1165 730 612 1479 1401 1336 1097 341 363 322 345 1071 660 596 1328 328 663 578 504 917 938 50 1487 
1150 1029 1148 179 453 572 1299 1297 726 1415 1176 1527 495 1313 1431 1039 104 1463 1537 3 108 736 1427 856 381 500 1067 1186 742 1470 779 16 1324 349 1441 113 866 120 358 391 510 748 901 514 397 1480 516 907 21 1086 636 518 757 1093 130 1091 1327 678 916 681 1368 29 371 1495 140 530 1374 650 920 1341 803 982 296 805 36 38 40 1497 42 1239 1357 1355 268 538 150 1113 305 1231 1500 581 583 1389 53 548 1518 313 704 824 1123 1511 827 59 593 64 164 1256 85 442 1169 324 205 833 445 564 597 479 93 
34 1227 1344 1496 291 413 607 770 295 1339 1262 298 850 887 264 462 1192 997 1115 227 346 812 994 1035 577 112 778 1054 234 626 1321 1277 822 1125 629 512 947 398 788 61 1476 557 244 1171 1485 246 756 1287 249 758 1329 89 132 792 835 404 1173 

767 1189 674 731 
33 35 1153 1224 985 1529 1296 101 610 881 924 417 1499 1159 1235 656 733 1268 106 465 186 1424 188 622 699 895 701 1129 273 666 1008 508 119 900 1360 710 24 980 1412 1524 1059 1254 202 635 84 204 637 1522 401 1210 522 210 837 70 919 1172 
330 569 1300 334 963 488 100 1144 74 492 76 890 9 1163 1042 615 854 1309 1305 6 384 503 777 898 1075 1465 15 1088 469 472 1322 627 865 1318 630 1047 1541 783 1217 1064 125 245 365 975 403 761 1056 1488 990 1347 1107 256 137 1375 986 769 1222 685 534 807 44 998 151 659 184 303 1383 544 307 700 819 271 1130 1246 703 196 434 553 316 673 706 944 318 200 591 829 60 65 1023 1258 323 1406 714 207 1166 1520 478 1403 92 481 66 
878 1034 1147 95 214 605 1179 1027 491 78 884 614 1045 1540 1314 1162 223 851 2 463 226 379 617 1070 1426 1535 1068 741 1469 506 1194 1087 1325 1442 470 114 1475 744 389 628 1200 1319 393 782 632 751 754 366 399 1332 129 281 974 368 639 641 971 285 799 30 251 763 375 139 768 142 921 983 804 809 1001 1356 1236 1507 149 539 1265 1352 1503 185 543 695 1230 936 49 1272 584 665 669 1397 551 315 823 317 436 826 1400 1519 1259 166 1018 1136 1409 1289 950 952 1167 1133 717 955 485 


173 1110 1030 1182 138 842 724 141 1026 1263 1338 297 103 925 494 37 1381 691 39 889 1164 1073 1462 1505 302 735 498 542 931 1307 110 1155 933 14 1270 780 899 1205 468 1050 471 625 668 1278 237 1320 1396 1439 314 239 1199 122 587 1316 394 319 709 830 22 26 979 1141 241 1062 1257 1137 1451 560 563 88 283 477 1404 760 1284 1089 1402 405 526 601 483 721 873 1489 876 1291 
333 1180 533 967 
566 448 135 374 646 529 843 1178 1373 771 846 922 965 1458 653 1294 688 885 1196 1359 1161 265 420 1429 497 1266 1308 618 1534 502 892 580 387 897 1249 1245 1048 1085 117 193 280 312 507 864 1515 509 199 590 828 1478 1282 909 25 559 1523 367 400 1092 208 675 794 287 28 1292 1410 

1528 992 594 
1229 1423 1303 369 1345 570 1530 455 1460 1372 608 728 221 848 968 690 1184 1043 1238 1040 1430 995 423 229 348 1154 46 937 1509 116 1440 746 1126 1201 1275 1392 395 711 789 1293 167 1061 1214 1135 1211 250 521 640 715 284 447 598 872 797 874 
279 452 863 976 161 336 1330 845 1099 189 946 154 
1185 1533 1149 1028 212 451 1420 1418 454 964 575 220 339 847 966 729 613 80 496 1302 1156 222 460 342 1193 105 1536 4 380 5 739 385 896 781 17 1444 1052 474 745 1083 357 390 1438 1543 121 868 1046 750 633 786 1058 1066 1335 359 1063 1333 124 126 977 1366 1095 1331 520 1481 911 642 525 796 289 800 1108 370 527 1493 293 923 687 692 43 1240 1120 261 143 1354 655 148 541 304 1349 426 190 582 1131 1128 1009 664 159 310 192 194 670 1513 1142 1261 561 1407 444 91 68 603 

683 1304 1348 1033 1421 372 255 450 181 213 1301 1181 1419 259 962 218 652 981 75 418 82 693 10 1358 459 537 267 224 1506 301 344 1428 855 424 619 694 1187 1350 1501 230 501 697 47 386 702 1445 275 546 277 861 354 1082 195 747 1006 1471 554 749 1361 1078 1197 1241 870 589 201 634 905 1216 1334 1453 558 753 321 517 949 1213 832 1449 1209 1447 836 599 956 676 719 482 67 69 
364 1408 961 1016 912 621 515 1138 
1207 467 1031 1531 841 1517 412 552 1295 1393 1414 415 77 732 928 1002 1315 1022 1260 248 421 1482 1286 834 857 1112 1382 891 480 893 915 722 
1250 1152 1032 429 377 118 356 649 606 941 1394 197 457 752 1380 62 1456 1000 1140 1454 1020 123 361 438 1158 1464 1311 1365 172 1385 422 1521 499 1232 932 425 718 408 798 
175 178 1146 332 335 1298 844 99 727 490 1143 611 849 886 81 7 11 13 1077 1195 1539 1160 458 1157 1074 1312 1 1072 1191 616 1461 1425 738 383 774 505 776 1467 18 19 233 352 862 1204 1474 1472 238 476 1477 791 1065 242 1484 638 131 402 759 910 972 644 288 680 1369 1367 1486 32 1109 1226 133 252 1343 764 988 257 766 1376 648 1494 1223 984 1492 532 414 1101 1457 416 654 1119 419 1387 183 658 1116 1267 996 152 1233 661 1264 1111 696 308 427 935 579 1391 1508 1010 1247 156 1127 667 160 311 1398 940 1395 585 1124 1362 705 1003 1122 588 56 58 1411 1021 168 713 595 1285 446 954 1014 209 1132 1251 211 958 840 484 875 1174 
645 236 355 410 1473 162 216 294 1221 1542 1274 1024 686 945 903 57 927 592 810 360 340 147 439 930 524 191 679 820 
31 879 991 989 176 568 180 331 258 723 1104 531 1416 1102 1340 1459 338 1025 1490 1413 1526 493 883 926 1121 1433 1041 1117 146 266 734 270 1234 1504 1114 576 740 815 860 623 894 388 1390 52 20 1248 1443 1323 1051 231 115 1084 431 550 1202 821 671 942 555 784 396 1281 1337 165 1139 362 1060 169 320 127 441 1170 443 1017 1212 325 1405 953 1134 565 1090 793 1013 407 677 1371 486 801 
Took 411162199 ns