1153 1109 1031 254 94 646 1298 1493 489 922 1414 966 1100 1262 730 808 79 81 1379 1077 1358 1000 1539 1431 461 1073 1462 1234 152 541 1189 499 662 382 933 1111 503 892 386 777 1088 1054 1087 1130 1010 1443 234 278 1518 668 313 356 865 315 358 1394 436 1197 907 1066 1218 1524 1334 1255 558 245 1523 1211 402 793 407 918 1369 70 1173 682 
173 1422 1029 331 1182 454 843 1179 1297 456 575 338 965 1176 220 1024 102 885 1540 223 851 1464 225 1072 1429 345 497 736 227 1427 380 466 1037 110 857 1035 621 504 388 778 18 1206 1325 1052 349 116 354 1203 1473 237 508 627 1082 1320 510 391 1317 901 633 752 786 1480 788 24 979 242 1061 1366 1214 128 366 1094 1483 1056 1208 676 795 1370 680 34 1347 1227 1344 135 763 645 527 257 1494 768 1373 294 1491 534 39 693 43 1238 145 1235 147 419 1506 1265 812 994 1350 576 814 992 578 698 47 583 54 1129 1009 276 159 429 280 1396 553 824 1004 1241 591 710 829 60 1141 166 1138 556 1256 440 714 599 211 601 839 484 875 1172 
791 214 1106 1537 1007 1296 1294 886 169 898 
449 212 334 1418 573 217 1177 457 1175 7 11 1434 1195 1313 340 459 462 1430 224 107 1536 1070 4 228 1425 1186 230 773 775 1076 1445 1205 1324 350 113 232 115 1084 236 475 1201 119 238 1081 900 903 905 1086 980 1097 1454 359 244 246 1095 1332 129 248 1330 1449 131 792 1209 914 919 801 369 1346 1107 372 1343 137 987 258 1223 1341 1101 686 806 925 927 690 38 811 40 45 1239 263 146 149 151 1113 1232 694 935 697 818 938 49 52 1011 274 585 1123 706 1360 56 827 590 59 711 592 64 1260 165 1257 950 833 596 835 1133 1013 1251 480 838 957 722 71 1151 961 606 1025 1144 847 610 968 849 1164 1040 1038 1157 1463 853 498 618 620 740 384 742 506 745 509 628 749 395 398 1478 1063 1059 518 401 758 283 642 1486 764 1377 528 649 411 532 770 296 416 535 1498 655 1267 1384 1501 427 309 1509 1270 312 432 195 554 1393 317 201 1282 1519 1411 203 560 1288 1407 85 442 444 564 446 1402 871 877 
899 251 167 1159 373 1376 410 725 704 954 1328 1078 675 387 1292 
879 1423 567 332 1178 99 339 103 883 887 1183 9 12 1314 458 341 1074 105 1192 2 1071 3 229 1187 1306 1534 5 774 893 776 779 19 1442 468 472 1085 235 1083 1440 357 120 1318 1542 1199 240 782 785 906 908 22 1337 1216 1452 123 1212 1091 1210 674 970 677 796 679 27 799 32 35 1229 1108 253 255 1105 986 140 260 1460 1220 805 929 691 810 41 1121 1356 148 998 995 931 1351 695 577 934 580 700 584 273 1247 939 162 941 1362 943 1242 588 826 828 830 593 62 1142 1021 168 949 1017 951 595 715 1253 953 597 1014 1132 837 481 720 483 67 485 72 175 1030 1149 179 1028 841 182 723 487 726 964 490 729 848 76 611 493 78 732 495 82 1156 1162 1041 1158 852 856 1154 383 860 385 505 1048 862 1474 864 630 750 394 396 516 1058 754 1485 641 404 762 644 406 290 1488 413 1490 415 654 298 1380 1497 1378 537 1388 539 659 421 184 1503 1264 306 663 308 1271 1399 310 194 1276 197 316 1392 1511 199 439 321 204 323 562 1406 87 206 325 1285 1520 90 328 209 93 872 876 1410 
781 467 470 342 1193 376 960 1289 474 529 842 270 985 390 1103 1135 88 911 631 1338 112 524 946 1273 
878 1304 271 1444 471 181 647 1321 1375 1277 703 747 1027 1543 1243 1437 1513 586 771 728 804 1413 513 904 1064 262 1365 1387 172 344 1191 86 638 1428 660 1352 347 542 1188 500 1327 1446 210 526 408 
1307 1112 604 
880 1421 566 448 330 451 213 1300 216 335 1417 574 218 100 1527 221 884 889 1196 1315 1538 222 460 104 1312 1 106 465 1308 1069 1426 109 1424 6 894 896 14 1194 16 17 969 1326 351 233 1204 353 355 1439 1200 239 1436 21 789 23 1456 1099 1217 1215 1333 124 363 126 976 1213 974 1450 1093 130 368 910 1448 1329 912 794 797 29 31 33 1228 1345 1225 133 371 136 1342 1104 921 1102 1221 684 982 1219 687 926 37 42 44 1001 1357 1118 265 267 269 1116 1114 1233 813 932 1231 816 937 581 820 55 1249 272 1128 155 1246 158 160 940 1125 823 944 1122 1003 825 709 947 594 63 65 1023 1140 1019 1137 831 716 478 955 718 482 958 602 1033 1152 1150 1148 180 607 846 967 492 731 494 1045 1163 615 616 737 381 1036 739 858 502 623 1469 1051 1049 1475 744 389 746 1471 629 748 1047 869 751 514 1065 753 636 517 281 400 1482 1363 521 640 760 405 286 525 1367 765 767 292 531 414 653 297 538 657 183 1504 303 1502 186 544 188 190 1391 1389 665 547 1280 192 430 1517 550 1278 552 671 1395 433 196 435 318 437 1401 1412 1525 202 559 1290 322 1170 1522 205 1521 1166 207 327 1403 89 
1185 1533 176 178 568 570 1419 1180 724 962 336 455 844 488 1026 727 74 612 850 614 80 1160 343 1311 734 464 854 108 379 617 1068 1468 895 1075 1465 1323 1050 743 117 626 1472 392 1079 122 397 1476 25 1335 1062 1451 362 247 1364 757 282 639 250 759 972 1481 284 522 643 289 916 30 991 252 256 409 1495 1224 259 141 1222 1492 650 803 1458 1381 143 999 1236 1355 264 420 658 540 1266 423 1383 187 1349 696 189 191 699 48 819 582 1390 51 275 1245 277 548 311 1279 161 193 669 1397 551 821 1126 672 942 705 1361 707 58 948 1171 84 1408 443 832 563 1016 1167 1286 952 1405 1134 1252 447 91 600 66 874 
1034 1303 177 333 571 96 98 963 1416 609 75 83 1161 1310 1461 346 619 891 1466 469 863 476 1438 1541 783 870 634 790 1060 755 399 637 1331 1090 285 913 28 1487 989 134 1496 766 377 648 530 920 651 1340 295 533 300 809 928 1499 692 1002 1510 1120 261 1354 997 1385 305 425 815 46 936 701 154 664 157 546 428 666 279 549 1008 1516 670 434 1124 587 712 1283 61 163 1022 1018 557 320 1254 170 1015 479 598 717 92 721 840 69 1174 486 
1531 
73 1532 1032 1147 450 959 1301 1420 95 452 1181 1530 215 572 1299 97 1528 1145 219 608 1263 101 1143 882 77 496 888 8 10 13 1043 1432 1039 733 226 735 1309 348 501 1067 1305 741 622 897 15 20 1055 1053 1441 231 352 861 473 625 1322 507 1202 118 866 1319 121 511 1198 868 1316 1435 1046 632 902 784 1098 1336 1455 1453 241 361 243 125 364 977 127 1484 756 975 249 520 132 403 1447 761 1089 288 915 678 798 1489 681 1368 683 1110 1348 990 370 1226 375 988 138 1374 984 802 1372 142 685 981 1457 924 299 418 688 807 36 1240 1119 144 1117 656 1507 268 301 1268 150 1505 1115 930 185 304 424 543 1382 1230 545 579 1272 702 53 1012 1131 1250 153 1248 1127 1398 431 314 1514 1244 1005 673 1274 555 198 200 319 589 708 1400 1293 164 1139 1258 438 1136 1409 561 1168 326 445 834 1404 208 565 956 719 68 1291 
174 569 1146 453 1529 605 337 845 1415 1295 1526 491 881 613 1184 1302 890 1044 1433 1042 463 1190 855 1535 738 1155 111 859 1470 624 1467 780 1207 114 867 1080 393 512 1165 515 787 1479 1477 909 1057 26 360 635 1096 365 367 519 973 1092 971 523 287 1371 917 800 978 374 139 291 378 293 412 769 983 1459 652 1339 772 923 417 536 689 1359 1237 1353 266 1269 1386 302 996 422 661 993 1500 307 426 817 50 1508 156 667 1515 822 1006 1275 1512 945 57 1281 1261 1259 1020 171 441 1169 324 713 1287 477 1284 836 329 873 603 
Took 355999822 ns