879 1304 1033 1152 175 177 567 179 723 961 454 98 963 1416 338 608 101 847 1175 1526 75 103 492 731 613 1183 1195 1314 1431 1161 1040 104 1464 1193 344 226 617 1427 228 499 1037 1535 1188 381 891 1186 6 502 622 741 774 896 14 18 1326 1442 1441 625 474 508 865 119 1081 391 510 1199 867 393 1078 902 634 21 908 1099 1064 242 125 757 249 1092 1449 521 284 1447 287 795 915 679 28 1368 32 1110 1343 255 765 376 1495 410 529 768 920 1459 1339 685 535 300 927 689 38 810 929 693 262 147 1269 1507 150 659 422 1114 1384 185 812 1501 425 815 1272 1130 1010 277 666 1518 668 1008 821 1126 823 1243 1361 437 199 711 1141 1260 1022 164 1524 1020 167 1256 439 170 559 322 205 713 952 1167 1405 445 89 1133 328 91 956 720 483 603 877 
1000 1443 274 441 1268 1320 833 866 1189 250 198 307 957 1487 
72 174 448 1148 1028 450 94 181 1418 335 962 217 1528 1026 1295 77 612 8 889 1045 1077 1164 340 460 1074 343 462 225 497 616 1536 227 4 466 1534 738 5 620 1154 1305 385 779 15 781 471 234 626 237 118 357 509 1200 1080 1542 629 240 901 514 516 786 1086 1476 980 1337 1452 361 364 977 246 755 636 638 520 283 910 1481 403 1090 524 796 916 798 1370 27 918 1486 1228 990 1107 373 764 137 1494 292 530 1374 1103 802 1372 684 1490 1219 416 654 298 536 806 688 926 690 40 45 1359 145 1353 1387 658 302 1385 995 1503 931 1351 814 1500 696 699 583 1509 1012 271 1247 155 546 279 1279 551 1244 1362 1513 705 587 946 829 59 592 712 61 594 65 1293 163 1140 166 558 1523 1288 86 951 1521 327 1284 1403 209 872 67 602 485 70 1173 1291 
1217 818 
1031 1029 449 1146 960 844 1178 1297 575 726 846 1144 966 1262 102 882 890 1540 1160 852 109 737 859 621 20 1055 1051 351 116 356 630 1047 1079 905 398 787 24 1065 1365 975 1094 1483 367 519 282 401 131 759 1208 643 525 1347 134 1377 527 649 1341 983 1101 925 691 811 261 1237 1118 144 265 1506 1116 540 423 1113 1383 542 932 993 1231 1111 426 1391 50 1131 273 192 1398 703 434 1394 586 1512 1003 57 1283 1018 1136 1255 1289 1169 1407 324 714 598 955 447 600 958 1292 
31 73 1034 1344 330 959 1420 987 1376 96 215 453 259 1493 650 769 294 607 845 1340 489 965 296 415 1024 1100 1294 686 849 80 1499 1039 538 657 269 1310 1505 303 1069 1425 306 1230 579 742 505 276 1245 159 278 311 746 940 1201 1439 1395 392 511 673 631 825 1122 1360 396 710 788 26 1412 1138 1333 202 84 171 950 325 1330 477 1091 1448 1520 971 405 481 1367 
878 1153 1185 1422 176 566 1149 95 1181 1419 1530 455 1177 1025 881 81 1302 10 12 1433 1159 1038 224 463 853 1537 1071 108 346 855 380 229 1036 110 1067 1424 740 384 1470 624 1466 969 1207 1444 231 469 743 863 1318 1435 1165 394 632 784 397 906 979 1336 1454 1063 362 244 1059 126 1366 1095 1213 1332 1211 1363 911 1209 793 970 286 762 913 644 677 1489 681 800 991 1227 1346 1496 766 139 258 1105 411 1223 1492 984 532 770 1102 295 652 1220 534 804 981 808 928 1238 1356 1354 146 266 539 1233 1502 694 933 545 308 816 935 46 937 580 819 49 1389 55 1129 275 160 1397 1007 162 552 942 1124 197 1274 1241 707 319 589 1282 63 1525 1257 438 1254 321 1408 172 561 443 595 564 834 1015 1013 486 
382 1157 
30 683 1225 178 331 256 451 570 528 1299 378 142 803 653 299 884 1497 44 537 656 1309 1504 152 662 189 895 777 1075 54 1246 664 1280 1322 1083 389 1277 1006 1471 1514 121 750 513 945 590 947 62 64 1455 1258 1062 557 976 562 974 641 717 1251 211 288 874 
53 1325 1248 213 550 1321 1440 1179 1342 1529 964 1415 1437 943 609 1143 297 417 909 1156 1066 1001 1043 1235 1192 615 281 735 715 208 857 501 893 840 68 290 581 1273 876 
1202 736 1432 700 496 
1303 568 452 571 1300 334 573 97 218 337 99 1176 220 1413 887 7 13 1196 1434 1313 459 222 342 1 105 1072 345 1428 1187 1306 111 773 776 897 1076 780 16 1088 1206 1324 467 1323 232 470 1204 473 236 117 1082 476 358 1198 903 785 22 23 1098 1215 241 1451 124 127 1212 1331 130 972 132 1327 676 797 801 29 34 1229 1348 1109 251 370 1226 1345 372 135 254 375 1224 986 1104 1460 1221 923 1338 1457 687 39 692 43 1002 1358 1119 1355 267 149 998 1352 994 576 697 47 701 51 1250 153 1127 939 704 944 706 948 1019 832 596 1134 1253 478 1132 718 482 722 69 1151 1030 182 842 725 1027 488 728 74 848 967 76 730 493 83 1044 1163 851 1463 856 1155 739 1035 623 506 388 1465 1053 1049 861 627 390 868 751 870 515 1479 1060 753 400 639 1056 406 1369 646 409 293 651 418 1379 655 1386 421 184 304 186 543 191 1390 547 310 1399 549 1517 194 313 432 1515 1396 553 672 1275 316 435 1511 1281 203 323 206 444 563 326 1404 565 1402 
156 264 1096 333 106 864 670 522 1316 318 395 914 289 1480 614 885 938 
880 1423 1032 1531 212 605 487 727 850 78 494 1184 1042 458 1158 223 461 854 1461 618 858 504 387 1468 1054 113 115 1543 239 748 782 904 789 1057 25 1335 635 368 792 404 761 912 407 526 1371 799 1108 133 253 374 1106 377 140 1222 772 1381 41 419 997 151 270 541 660 424 187 1349 584 1270 548 193 312 431 669 671 941 196 315 1004 1123 317 436 555 827 593 1023 1021 165 1137 169 320 1409 1287 953 1252 90 480 599 484 71 1172 
33 1421 158 180 428 353 472 507 141 412 574 1125 1276 826 200 611 708 828 883 591 495 830 1477 1097 360 1117 245 1312 1267 1429 464 1093 1450 973 1286 88 207 619 663 836 719 721 604 
899 272 369 349 1009 114 280 531 1438 1392 58 1401 1378 1120 263 1236 1485 560 128 442 831 996 1017 465 1265 1232 597 674 190 408 
1532 1182 572 1180 1417 336 456 1296 100 219 1414 339 886 888 9 11 1315 1539 341 1073 1311 1430 2 1191 107 3 1070 347 1307 1426 1068 230 112 892 894 778 898 1194 350 233 352 1085 235 354 1203 475 238 1319 120 900 1197 790 1218 1216 359 1334 1453 123 363 1214 365 248 129 1329 1446 678 919 682 978 371 136 988 138 985 260 921 982 805 924 807 36 809 1240 1121 1357 143 999 268 1115 930 813 1112 1350 577 936 582 820 52 1249 1128 157 822 1005 824 1242 56 709 1261 1259 949 1135 1016 954 835 479 837 66 601 839 173 1150 1147 841 843 724 606 1145 1263 490 610 729 968 732 79 82 1162 1041 734 498 500 383 503 1052 1050 1048 744 1474 1472 628 747 512 869 752 1058 1061 754 1484 518 756 1364 1482 758 402 640 760 285 1488 763 645 648 413 1491 1380 1498 1510 1388 1266 661 305 1382 544 188 309 1508 665 429 1278 1516 433 201 1400 1519 556 1290 1170 1522 204 87 1166 1285 871 93 873 1410 
1533 569 332 1301 214 216 1298 457 1527 221 491 1538 733 1462 1190 379 1308 348 860 386 775 1469 1467 17 19 1445 1087 1205 468 862 1475 1084 355 745 1473 749 1317 1436 122 1046 1541 783 633 907 1478 791 1456 243 517 366 399 637 247 1210 1328 523 642 1089 675 794 917 680 35 989 252 647 257 767 1375 291 1373 414 533 771 922 1458 37 42 1239 148 301 183 420 1234 1264 695 992 934 578 427 698 817 48 702 1271 1011 154 667 430 161 195 314 585 554 1393 588 60 1142 1411 1139 168 440 1171 85 1168 1406 446 716 1014 210 329 92 838 875 1174 

Took 374733439 ns