878 1195 439 647 1506 118 432 185 347 629 1134 100 1101 1122 718 740 956 288 839 594 
527 1484 
1185 1031 566 569 213 1301 1299 574 1416 607 726 845 1026 1175 1413 732 884 1045 1160 1193 105 224 852 734 1461 1189 1426 111 623 893 778 898 18 349 1051 115 353 507 745 356 475 1472 509 747 240 901 1435 904 25 1337 1452 1365 367 1093 250 760 1447 794 27 1488 682 134 255 138 1106 1224 140 411 1222 802 771 684 1100 926 38 1359 1238 143 1117 147 656 1269 538 998 1385 1352 1503 542 425 934 1389 272 1129 1248 1246 160 1007 1126 672 829 60 1023 169 1254 1171 1408 204 595 714 952 1167 88 599 840 484 874 70 876 
1423 1377 1495 334 1180 1223 217 99 806 688 883 300 494 614 1497 44 1043 1539 266 537 343 1386 930 1307 1112 1154 112 426 502 696 308 624 818 894 776 938 1391 1270 1205 1399 626 1440 1201 195 553 1318 900 1046 589 57 396 947 398 1057 1259 124 247 323 974 1092 1251 678 873 604 
72 1152 1421 1029 179 451 1182 723 96 453 725 606 575 1414 847 496 81 1156 10 1044 1464 1311 107 345 854 498 617 348 381 619 1306 1425 739 858 1035 773 622 1468 899 1055 1088 1324 233 352 1204 117 864 1202 1321 627 119 1200 867 358 631 1197 783 21 790 1216 242 126 245 1214 1483 1449 521 404 524 914 526 677 289 408 918 800 1367 35 369 1108 1227 133 1343 375 986 378 1373 1492 142 532 770 295 803 297 417 929 1510 261 1236 145 1268 1114 1384 994 1502 544 663 1349 46 190 820 51 53 1131 271 1011 1249 279 1279 1516 552 1395 704 196 942 554 1274 1392 709 1283 61 1519 65 1261 164 1021 1524 170 559 172 1522 1287 207 326 596 446 871 720 1292 1172 
1245 277 192 960 550 530 457 943 1361 75 491 787 517 399 950 1265 380 931 1188 501 523 1089 480 697 838 680 
34 1345 1149 254 181 292 1529 412 963 1027 337 489 685 804 77 36 885 693 889 1540 1118 268 853 1191 270 659 735 466 499 1383 305 932 1036 1187 816 504 387 819 895 583 897 1390 20 1012 1445 1130 1010 1442 1127 234 473 1203 670 1515 1276 120 705 749 1079 198 782 1165 437 590 634 828 1479 23 64 1335 1063 166 123 556 1137 1060 202 754 127 1095 400 443 757 1016 953 208 597 792 836 481 799 29 1410 
1455 175 1313 146 471 571 1170 366 1213 226 1319 132 727 1209 1328 
961 822 
1303 567 1148 212 959 95 1181 1418 572 605 336 844 1178 964 1145 1415 608 219 490 848 493 731 79 887 11 13 1315 1434 458 460 1157 462 1073 1192 1310 1462 616 3 228 618 1069 230 6 383 505 1076 969 1207 1323 350 861 355 1082 1439 238 1542 510 392 1198 512 1078 902 633 516 1065 1215 1334 361 753 635 976 756 130 249 282 973 1211 1091 970 1056 1327 405 644 915 1370 28 801 1486 1229 989 1107 1226 372 136 766 139 1104 1341 1491 1220 415 1338 536 1499 811 1121 1354 148 1388 1267 540 1115 424 543 695 698 1273 701 1509 429 159 1280 193 669 1278 434 823 1124 1362 436 317 707 201 710 1140 1018 1256 168 558 440 832 1168 1405 1253 327 1402 329 837 69 486 71 
1533 1033 176 448 450 94 214 333 454 1179 218 1263 1526 221 492 882 78 890 1041 340 459 1312 1536 736 1037 1067 1305 1194 19 1083 389 357 1471 239 868 1317 632 785 22 1086 1336 1097 1453 1451 362 364 977 246 281 758 1210 1329 1481 284 911 1090 761 676 681 33 1228 646 987 769 920 1459 416 687 298 691 1240 999 1356 660 304 423 186 813 427 309 49 153 1247 311 1398 162 1004 1242 555 588 945 63 1020 1138 1290 1409 1523 442 834 478 328 955 

174 1422 1532 180 332 1298 98 1177 965 103 730 613 80 1302 12 1038 225 1427 741 775 506 777 1052 113 472 862 1475 235 1473 628 1438 122 394 906 788 1477 791 1058 1066 979 359 636 518 368 910 403 285 674 1208 1489 919 1368 1348 990 370 252 256 1496 1494 294 922 982 1219 689 1380 692 1120 1000 1237 658 1504 303 422 541 1264 993 1350 1230 188 702 1271 1508 52 273 1396 314 671 1275 825 944 1360 1511 948 593 1260 1255 84 1169 1135 1286 1166 1014 598 1132 66 601 1173 877 
73 880 1034 173 330 568 1419 841 573 488 456 846 1295 101 220 609 1143 849 9 1196 1164 1433 1314 1162 1040 222 104 461 1 733 344 1429 464 1071 227 109 737 857 620 1186 1424 742 14 780 16 1325 1054 1443 468 1050 351 1085 1322 1081 121 1047 750 869 752 784 905 1480 1476 24 363 637 975 248 1212 639 131 283 972 1448 641 793 762 643 287 796 978 1347 1344 137 376 410 648 767 1105 985 293 651 921 1102 1221 1340 414 923 1457 535 805 299 418 927 37 1381 43 1239 1357 1235 655 1353 1507 657 1116 1505 151 996 1266 184 1233 1351 1113 661 1231 992 1500 307 578 582 154 1128 1009 275 158 549 668 1517 430 280 551 821 1277 585 1005 1243 1513 435 587 706 199 826 58 1281 1411 165 1139 321 203 1289 561 1406 87 206 444 563 477 715 1520 1404 89 954 1133 479 210 719 1174 
467 1030 156 664 278 743 313 1080 1199 1296 1527 74 339 653 808 810 980 341 1485 441 1190 1482 1535 447 912 1111 286 92 211 957 936 580 1371 1466 
879 1032 1150 1531 177 455 1528 338 966 1024 610 729 968 7 82 1163 1431 1159 851 106 1309 856 110 1068 1155 1534 382 503 385 1467 1444 1441 232 1049 116 354 625 744 476 391 751 870 1478 789 908 1098 244 1096 1366 1332 1364 519 402 640 522 913 795 916 797 1487 32 251 371 763 374 645 528 1376 1374 260 1460 413 1339 981 654 924 42 263 1355 267 419 149 1387 183 420 1234 694 576 933 935 579 191 699 1272 50 155 274 546 1397 433 316 673 824 1003 1241 318 56 200 592 1282 1142 1412 1022 1019 167 438 171 560 949 85 831 1407 325 564 716 91 958 602 485 
31 1151 1028 1420 97 216 649 843 983 533 1025 967 1184 1001 264 1158 1463 539 1428 1382 187 891 189 384 860 817 937 700 388 781 1250 1326 157 666 863 1474 315 1437 1123 514 397 907 1099 1293 1062 1257 365 324 833 1330 835 209 642 717 1446 93 798 

1304 178 331 1146 570 182 215 842 724 962 487 1144 728 1262 1294 102 881 76 612 886 8 1077 1432 1042 1161 223 342 1430 2 463 1537 497 108 346 379 465 4 500 738 5 859 892 774 1469 896 779 1075 1465 15 17 1087 1206 231 470 114 1048 1084 508 746 865 1320 630 1316 1541 395 515 909 1217 1064 241 360 1333 1061 243 125 1094 129 638 1450 520 1363 759 675 525 407 290 679 917 30 1346 1225 373 377 529 1375 259 1342 1493 984 1103 772 296 686 807 690 809 928 39 1498 1378 41 45 1358 1119 262 144 265 301 150 997 995 812 1232 1501 545 577 815 47 581 55 428 667 1518 161 312 939 1008 703 941 1006 1244 1394 197 586 827 591 59 711 830 62 1400 1141 1258 1136 322 205 562 713 1521 1015 1252 1284 1403 600 482 722 875 
141 511 991 1110 1456 163 850 721 495 449 320 
652 1512 786 
1153 135 1147 765 257 452 1530 768 531 650 1458 534 611 925 1379 40 1183 83 1002 1538 1074 269 615 1072 302 855 662 306 1470 386 48 54 1053 469 665 547 310 236 474 390 866 1125 1514 1543 1393 1436 393 319 712 26 1218 1454 1059 1288 565 90 406 872 67 483 603 1291 
683 1109 253 764 548 988 409 1300 258 431 194 335 940 1417 1297 748 1372 1176 903 946 1401 888 1525 755 128 86 421 1017 1331 152 401 1070 445 1285 229 971 814 621 68 
291 237 951 1308 1490 1013 513 1369 276 557 1039 584 
708 
Took 304145659 ns