1304 1531 1030 1299 216 1529 490 1175 492 611 883 79 1183 1302 1196 1161 458 106 463 617 110 1036 620 1067 1424 387 777 896 1444 231 1082 1472 509 1079 513 870 633 905 1057 25 1337 362 1096 129 1331 1482 520 132 1447 1327 643 288 408 28 801 978 34 528 766 293 142 770 982 927 1378 45 1359 1355 269 1115 932 993 1382 306 188 545 190 820 1131 1011 153 1128 1247 664 159 1517 161 1244 197 706 946 828 711 61 321 562 595 714 485 604 876 
261 274 264 147 461 853 1310 1375 97 217 368 1253 533 1436 981 437 934 308 417 1478 
1456 1001 143 546 439 1494 237 335 540 821 1405 294 575 1026 1502 1112 1144 1402 91 298 397 840 
1180 747 1114 1043 1009 275 
419 327 1132 1357 165 243 352 
1533 1205 763 547 667 182 430 647 744 215 1103 1460 196 705 868 1025 1393 653 1100 884 1480 830 63 1236 556 320 104 322 225 1352 88 737 598 1186 794 384 623 839 819 1465 
1110 174 1031 372 448 135 179 374 94 137 570 959 257 378 963 802 1296 1372 295 652 804 1024 967 76 687 926 36 929 888 1539 1159 342 1464 657 734 270 855 109 1306 1425 187 775 818 48 506 1273 50 1271 1207 1249 234 354 117 626 1321 1126 1276 629 900 943 393 782 199 514 1400 1519 1058 1258 1334 241 1060 1409 246 560 976 366 1364 248 445 1284 676 875 
251 1323 1225 365 441 1192 140 1417 663 1143 644 827 582 
1346 
1185 1303 177 1028 212 180 1182 333 452 571 723 454 606 99 845 218 337 965 1295 74 102 881 81 10 1540 1313 105 1311 2 345 227 380 618 1069 1188 1307 857 382 501 891 892 505 894 1468 1194 899 20 1325 467 743 116 473 627 865 1320 238 390 1438 1199 631 1078 1165 1316 1435 394 785 398 907 21 790 1451 244 364 127 1094 975 367 638 1092 1211 1448 403 674 1446 525 796 917 1368 1227 371 645 375 527 767 291 1224 649 651 983 1102 1340 922 296 772 654 536 810 1121 266 538 1387 997 1116 151 660 930 1265 304 812 542 1501 576 1111 1349 309 698 936 1509 51 584 271 1129 154 665 158 550 669 432 195 314 823 1243 1275 1123 436 1392 201 948 712 1140 1020 1138 558 1254 1290 85 831 1135 1521 1016 326 477 954 481 93 873 603 70 

72 1034 1152 1149 1029 330 213 1300 1530 841 334 453 725 456 489 220 1294 729 494 78 9 1045 1040 222 460 1038 343 852 1190 736 619 386 1076 1054 1050 862 1204 1201 1319 510 1197 789 909 23 980 1455 1453 754 636 1332 1093 401 1449 759 972 522 792 761 970 524 406 795 27 918 682 32 1347 133 1221 923 806 418 928 41 1510 1119 1235 150 1267 424 544 933 427 580 937 700 1391 702 1508 155 666 311 280 1008 1277 941 585 824 944 57 590 593 1282 1170 172 442 1407 951 1134 89 478 836 838 871 874 
1032 1107 1344 373 410 1104 455 726 1415 1339 685 299 688 37 690 80 263 1193 1463 107 379 1308 347 1535 1068 1187 815 741 504 1272 1390 779 1053 350 472 193 431 1440 1516 553 942 1318 317 707 319 591 787 906 1023 1021 242 363 1485 1169 519 713 87 596 1285 284 1328 329 405 480 599 678 797 1489 1410 
1153 173 1033 176 1150 450 569 1420 1418 573 605 1027 1416 488 1145 100 727 338 966 491 610 731 850 496 8 11 1538 459 223 1074 1312 1 733 615 616 1309 465 738 5 230 740 503 774 624 776 1466 898 17 1445 1443 349 1441 232 861 1048 1085 236 745 864 1202 1473 118 866 1200 1471 1437 121 240 750 869 902 395 515 786 22 1476 791 1216 1335 1062 361 755 1365 128 757 283 1329 131 1209 404 793 913 1371 290 1348 989 1226 1345 252 1496 138 258 648 1342 260 412 920 1222 1101 1490 684 1219 1338 416 924 807 1498 44 1120 1118 1354 265 268 998 1386 421 1234 152 995 1503 303 931 1383 186 694 1230 577 47 49 701 53 1250 1130 1246 1127 429 549 160 1278 551 671 1514 1124 1003 1122 592 1281 1293 163 1019 1137 557 440 84 561 205 1287 325 564 835 1252 447 718 211 482 66 68 71 
879 451 960 96 842 724 336 1177 848 221 612 1164 1431 1041 1191 735 1461 346 498 466 229 111 773 860 742 895 1075 1049 114 863 1084 746 1439 358 392 511 122 26 979 1336 1063 360 517 1484 1450 762 30 1228 1108 134 1343 256 377 1105 530 985 1493 141 413 1491 805 1380 39 1497 43 1358 999 537 148 267 420 996 422 662 992 817 699 581 1279 670 1007 1515 552 1395 554 1241 588 826 200 708 947 829 1283 1401 1260 166 168 1136 600 719 872 483 486 1173 1292 877 
683 880 567 331 988 1377 531 650 457 1526 614 82 1315 1195 340 1506 658 541 1427 543 1534 858 1305 307 46 385 778 1248 115 1203 1397 356 508 433 628 672 1047 825 751 594 1411 1255 126 171 203 1213 1483 974 563 208 446 955 798 
1223 407 
1421 468 1148 113 1399 279 313 1374 98 1006 1492 315 607 1458 535 396 732 809 62 64 1099 1412 1434 1217 1454 1042 204 1406 184 1286 640 597 210 426 622 526 579 677 799 897 1389 
1171 621 1055 1174 

1151 1419 961 1179 487 844 1528 1176 1414 609 75 730 493 886 83 13 1077 1162 497 854 4 228 1426 381 1155 112 1469 780 16 18 19 1088 469 351 471 1322 235 355 389 476 1081 748 1317 1046 1541 632 784 634 908 1064 1061 125 753 637 281 639 250 1091 1210 1481 760 523 680 1369 919 29 1367 1486 35 991 253 987 1106 292 411 768 415 686 1381 38 1499 692 811 1239 144 146 1388 1507 149 301 539 1505 1266 423 1113 305 1231 425 696 1012 272 157 1245 277 1280 940 1396 822 1005 1394 1274 1361 198 555 318 56 60 1261 1141 1525 164 1256 170 949 1523 443 832 1017 1404 565 1014 956 601 721 484 1172 1291 
1423 1532 449 568 214 572 843 574 1297 1527 219 101 847 1413 103 882 968 849 77 495 7 1044 1314 1433 1160 851 1072 1536 3 1070 856 1037 348 500 739 1154 502 893 1470 1467 1326 1087 1324 1052 470 233 1475 474 1543 357 239 749 1198 901 512 904 516 1479 1065 1097 359 1333 1452 1059 635 977 245 1214 1095 247 973 1330 1363 521 910 1089 1208 679 1488 681 1229 990 369 136 764 646 139 986 769 1341 1459 414 1457 297 925 300 689 691 1379 1240 1002 1000 1356 1117 145 1353 183 302 813 1500 189 191 583 1270 55 1010 428 278 548 668 1398 939 312 1125 704 1513 316 1242 1511 710 59 1142 1259 1139 167 1018 202 559 1408 1522 444 715 834 953 1015 1166 1403 1133 209 328 717 837 92 958 602 722 69 
73 1146 181 332 95 1298 1178 608 846 339 728 1262 885 1184 889 1156 12 1158 341 1073 1429 1462 1537 464 226 108 1189 499 1035 6 859 383 388 14 15 781 1051 353 625 507 475 119 630 783 903 788 1477 1086 24 1066 1215 123 1366 756 518 400 1212 130 758 402 911 971 1090 285 642 287 914 289 916 800 31 254 765 376 409 1376 1495 529 1373 984 921 803 693 42 262 1237 655 1269 1504 1233 1384 185 994 1264 1351 695 578 697 816 935 52 54 273 156 276 310 434 1362 673 1004 1512 587 1360 945 709 65 1524 1257 438 169 323 1288 1168 206 833 952 1013 479 720 
878 33 1109 1422 175 370 566 178 1147 255 1301 1181 259 962 532 964 771 1220 1263 534 613 808 887 40 890 1163 1238 1432 1039 1157 656 224 462 1268 1430 344 659 1071 1385 1428 661 1232 1350 814 938 969 1206 1442 1518 192 1474 1083 162 194 703 120 391 867 1080 1542 435 586 589 752 58 1218 1022 1098 124 1289 399 950 86 324 249 282 1167 207 1520 641 716 90 912 1056 1251 286 675 957 915 67 1370 1487 
Took 340911057 ns