1144 
1185 1150 1531 1029 180 570 1420 841 334 961 606 845 1026 1415 575 1263 1295 1175 1143 102 731 495 890 1161 458 460 1157 1074 1462 225 1070 4 1037 110 381 1187 620 892 505 1469 779 1207 1445 1442 113 351 743 117 507 1472 1081 509 1542 868 630 393 512 1046 1165 395 784 904 25 980 359 1063 1334 1060 126 977 1366 1483 1093 1363 640 1329 1448 284 404 793 970 406 914 798 917 681 29 133 371 255 257 376 1495 985 1493 768 1342 770 1340 803 1458 415 534 653 685 924 688 300 690 928 39 43 1359 1240 1238 262 1356 146 658 1504 184 303 994 1383 424 662 694 813 1112 1350 306 576 188 426 696 815 934 578 308 817 582 1270 272 1128 1245 428 192 279 430 550 671 315 942 1275 705 1242 1004 555 436 199 826 946 201 59 1283 1400 163 1411 1258 1018 438 321 1290 441 204 562 835 1014 1403 447 719 958 872 603 722 1172 
878 880 1031 178 332 1419 96 723 843 1178 489 1527 1413 77 79 885 83 1077 222 1464 224 1310 1537 226 854 1189 347 857 501 622 504 14 18 1088 1325 1051 350 471 236 745 1082 1201 357 1437 749 634 791 1456 1065 1097 124 754 127 246 636 518 368 1449 402 910 760 1228 1107 134 377 410 1222 413 772 535 37 1499 1510 999 1237 144 655 1269 268 1505 151 1266 422 995 542 427 697 935 309 579 50 546 278 1517 1126 1514 1124 587 1003 1360 1392 827 1282 1140 1259 203 561 1522 1404 597 479 91 873 1292 71 
35 1423 1109 1346 1344 330 373 181 139 335 293 725 1027 1373 532 338 457 965 1490 611 882 807 929 81 1044 1433 1357 1539 147 537 223 733 1506 150 1429 108 541 1427 466 1188 305 1231 1425 544 814 1035 112 859 700 820 51 16 233 352 667 433 1319 1395 1362 1513 824 900 782 1241 319 828 591 398 907 21 909 1293 1098 361 244 753 170 364 1408 638 1212 1287 206 249 283 1015 1133 1013 1446 92 871 601 796 604 800 
267 529 1083 348 619 738 1122 191 786 799 
1304 1532 567 213 333 1181 453 1298 217 336 574 1176 1294 221 886 1184 10 1314 1432 1538 340 342 1 1430 344 1309 464 3 227 229 1068 1534 6 775 778 899 969 1087 1443 467 469 231 1085 354 1440 475 237 1200 240 1078 906 1337 1455 1333 1452 242 1096 1213 129 974 1092 1210 912 1208 677 679 919 978 32 991 1110 1229 989 251 370 1226 374 137 1106 986 259 1223 141 984 1459 684 804 923 687 806 689 927 38 693 44 1120 1358 263 1236 145 265 998 1115 152 930 812 1232 932 695 577 46 819 701 584 53 1130 1011 276 158 160 1008 162 940 1244 1005 586 1361 825 56 589 708 60 63 1260 164 166 1138 1257 168 171 831 1016 714 477 953 1134 1251 837 956 66 602 68 73 1034 1153 1032 1147 842 488 610 849 494 78 1162 1040 1463 734 616 379 498 737 500 502 740 1054 1049 744 1474 864 746 390 628 631 750 869 513 397 1479 1477 1057 1064 1061 1484 1364 756 401 758 285 761 524 526 290 1368 1487 763 1496 769 295 533 771 536 1380 1507 1387 659 1385 423 1273 1509 664 666 310 1280 313 432 551 1515 673 554 1525 556 558 1409 1171 560 323 442 1288 1405 88 326 209 328 93 
823 1372 198 599 211 676 
1421 212 569 331 452 572 216 1529 97 1297 99 1414 884 888 1183 1195 459 104 343 1311 2 463 1536 1307 1535 111 1424 773 894 776 896 15 780 1324 232 115 235 1322 1543 239 1080 1198 1316 783 903 789 22 1217 1215 243 975 1450 1211 130 250 132 792 971 1327 913 31 33 1108 1343 135 987 140 922 981 1219 925 808 811 42 261 1000 1119 264 1353 266 149 269 1116 1233 1111 1230 581 1249 1129 274 1009 1246 157 159 939 821 1007 1123 588 948 65 1142 1261 1022 1139 165 951 713 833 1135 1253 954 598 836 718 720 839 485 174 1033 1152 179 487 726 1145 74 613 1164 1043 1160 615 380 618 858 1154 739 860 623 387 1052 1050 1048 1475 865 747 1471 391 510 394 633 515 1480 635 755 1365 1482 643 405 287 407 1371 1488 645 1376 409 647 531 416 298 418 1378 539 302 421 660 185 1264 1500 187 545 1391 1389 429 312 1278 1516 194 670 1396 553 1394 316 1512 1274 437 318 1524 440 85 1406 325 1521 87 207 1166 89 565 1402 875 
879 1422 177 253 448 527 1301 648 1179 844 1460 1492 983 1102 1221 1296 414 652 103 36 887 1163 1431 1038 656 1312 1388 105 183 1267 346 228 304 931 1113 186 543 230 663 891 425 698 936 506 1467 781 55 153 1397 1277 1439 476 822 120 358 435 122 317 901 632 947 829 979 1020 1255 320 1170 1289 637 443 564 715 446 522 1328 795 915 678 874 1291 1486 
176 1030 450 94 1300 608 101 220 966 1262 8 12 1045 1042 1039 851 462 1191 1461 109 382 1305 741 774 893 895 1076 1194 1465 20 1205 468 472 116 1202 118 389 1438 867 121 511 1317 514 752 787 26 1335 1059 245 366 1094 1332 973 1091 403 1209 523 762 289 916 1370 28 682 1348 369 1227 372 646 988 766 530 650 294 297 417 691 40 1497 1121 1001 1354 148 419 1268 997 540 1114 1502 816 699 1272 1390 1508 271 275 1127 548 280 669 196 434 672 704 944 707 710 830 61 1401 1519 1023 1137 439 202 559 84 172 444 952 1285 210 486 
1533 566 375 1377 214 960 454 142 1436 76 968 496 692 1302 1099 1196 1141 1216 1118 1235 125 949 106 400 1071 208 955 384 484 1468 
665 
683 1250 114 765 862 182 549 1530 355 1375 292 378 627 195 703 1103 1276 802 921 1318 219 728 1457 751 848 200 57 614 1281 241 1117 1355 557 1158 520 1286 674 1067 383 386 937 1369 
173 1151 1148 959 95 571 1180 1299 605 455 963 1416 218 100 1025 847 75 491 729 881 493 612 850 732 7 11 13 1315 1434 1041 341 1193 853 107 465 617 736 855 499 1426 1155 1186 385 742 388 17 19 1055 1323 861 1204 625 474 1321 1473 119 1541 902 396 905 788 1478 1086 1476 1058 24 1218 1336 360 123 1451 363 1485 365 517 976 247 281 519 1331 131 521 1481 1089 286 525 408 797 801 1367 34 1347 254 136 764 138 528 767 1224 411 1104 1374 1341 982 1100 1338 299 926 1379 41 1239 143 301 1265 1352 992 1349 307 189 938 49 583 1012 1248 154 273 547 311 668 431 314 1006 1125 1243 197 706 590 711 593 1412 1136 169 322 1523 950 1169 86 205 563 595 1167 834 327 716 1132 90 329 482 69 1173 877 
1303 175 1345 1146 256 451 1418 1494 649 260 607 809 1381 889 1002 1540 1159 461 1072 497 1351 993 1036 621 624 48 702 898 1326 155 1441 1399 161 238 585 748 945 592 1453 1062 1214 248 1017 639 1330 641 1447 717 480 918 70 
72 1149 449 568 1028 1182 215 573 724 962 1417 98 1528 337 456 1177 964 727 846 339 490 609 1024 1526 967 730 492 883 80 82 1156 9 1313 852 1073 1192 345 735 1190 1428 1308 856 1069 1306 5 503 1470 777 897 1466 1075 1206 1444 1053 349 470 234 353 473 863 1084 1203 626 356 508 1320 866 629 1199 392 1047 1079 1197 1435 870 785 516 908 790 23 1066 1454 362 1095 128 399 367 757 282 759 972 911 1090 642 1056 675 794 644 288 1489 27 680 30 990 252 1225 258 291 1105 412 920 1491 651 1101 1220 1339 296 654 686 805 810 1498 45 538 657 420 1386 270 996 1234 1384 1503 661 1382 1501 933 190 47 580 818 1271 52 54 1131 1010 1247 156 277 1518 1279 1398 193 552 941 943 1393 1511 709 58 712 594 62 64 1021 1019 167 1256 1254 1407 324 832 1168 445 596 1520 1252 1284 478 481 600 957 838 67 483 721 840 1174 876 1410 
Took 334677344 ns