52 1326 153 1151 371 275 179 256 527 765 259 1472 1319 1393 609 966 535 848 398 712 1260 1038 1193 268 659 855 250 1015 1520 955 622 408 799 778 1486 
1033 1421 448 1146 213 1419 1180 1298 456 75 967 611 849 886 1183 83 12 1041 1158 342 461 1192 497 1190 108 617 736 381 738 1155 1187 774 506 388 897 899 1055 1445 1206 1053 232 472 625 390 1438 752 907 1453 1062 754 1365 129 1211 1481 132 286 917 919 1225 374 988 1377 138 1495 648 1374 650 769 684 922 1101 534 418 1357 263 1235 1506 1266 1504 995 304 423 1351 187 426 189 817 50 1509 1389 271 1010 278 1517 940 315 704 1243 435 706 1003 200 594 1281 1020 1523 86 444 952 329 481 838 871 720 67 873 722 1291 
1396 1147 

1051 666 94 646 1399 1322 454 843 1201 1006 585 1026 1102 749 868 1047 512 805 810 1216 1333 556 84 420 270 1383 305 813 674 1013 578 66 1270 
1152 175 1420 333 1299 216 605 962 844 99 337 1177 457 608 1527 74 339 1294 730 494 7 1302 459 222 105 852 615 1072 854 498 1427 466 619 1068 5 1424 386 1075 780 17 1088 351 115 353 743 1084 1474 119 867 122 901 1046 1078 1197 633 785 787 908 1098 359 126 977 1484 1212 248 402 1091 1328 913 1371 1488 681 31 991 1226 133 253 764 987 530 140 1373 651 1221 1491 296 807 809 929 42 1358 1000 1356 144 267 303 422 185 1502 424 576 696 580 157 1245 310 429 1518 1279 551 1126 433 1005 705 943 587 1122 1392 199 828 58 1400 1142 1136 1290 1409 1170 204 323 1522 1406 1168 833 1286 207 596 1253 446 1284 479 91 837 482 603 
1032 1148 334 355 1473 768 489 1360 1526 610 77 1540 164 1524 558 1312 1485 1507 1267 1429 735 595 521 348 857 1067 776 1487 
1074 1388 344 1395 1458 230 893 557 693 
879 1034 1185 178 1029 568 180 451 95 842 455 487 574 963 1297 1144 881 80 887 1156 9 1044 1162 1431 1159 223 851 1464 1462 226 616 1536 346 1070 4 229 500 110 1425 502 740 859 385 505 775 1467 1076 15 969 1205 1050 1085 238 509 391 629 748 1317 511 782 1541 750 1435 632 396 21 1477 1058 1218 979 1065 241 243 637 1483 1093 520 973 1210 971 1208 762 287 525 796 683 33 1347 1345 375 257 647 377 410 767 985 1223 1493 531 142 983 533 1100 1457 299 689 808 37 1499 1353 265 1115 993 1231 543 695 1349 697 935 46 581 1130 155 1246 664 158 547 313 670 941 434 823 1394 1274 1361 437 319 590 711 830 63 65 1293 1138 1255 169 440 321 172 443 1135 1405 445 716 1402 210 718 872 602 604 876 1410 
73 1153 1423 176 569 181 960 571 453 335 724 1416 1145 1296 607 1263 968 731 81 890 11 1196 1077 1433 1539 1160 341 104 2 107 1071 1309 3 465 109 618 856 1069 1036 501 858 773 742 1470 624 387 777 14 1194 1443 1441 231 114 471 352 1203 1321 626 118 746 1439 1082 1080 1318 630 394 784 905 1478 1097 123 753 1366 245 128 1332 249 401 283 522 641 675 406 644 798 918 801 32 1348 370 254 763 137 528 766 291 1375 1494 293 1460 1339 1490 923 686 536 36 300 927 811 40 1239 262 538 1268 998 1116 1505 183 421 184 1352 1503 931 1501 662 1230 190 309 698 700 819 582 53 1249 1129 273 276 546 667 162 552 703 822 1124 1275 673 1241 588 827 946 708 593 61 1519 1259 167 439 560 949 85 831 1407 1287 326 477 1134 1166 835 1014 328 598 717 480 719 874 485 
173 989 1301 182 96 292 217 606 1178 294 413 726 219 101 772 847 491 298 925 612 495 38 691 1380 1184 82 889 13 1002 1043 1040 146 657 997 930 1189 994 1113 1264 1426 111 891 933 1035 1154 1305 1500 815 936 895 54 468 280 550 864 821 1320 195 314 357 1200 586 1512 555 869 751 709 60 1023 1019 361 1451 559 635 1331 206 563 1449 88 1285 597 911 1447 404 288 526 601 915 1173 
1533 1109 332 841 961 488 575 1340 415 653 1024 221 688 732 1498 1045 1510 1042 458 301 734 540 347 542 739 892 49 1391 583 1052 274 862 1280 160 431 1516 389 1004 198 393 513 589 57 397 1480 1401 163 1022 168 1060 755 518 324 974 1017 1330 972 403 797 1368 
1532 449 255 1496 411 1220 685 804 1338 102 885 496 39 1311 1232 932 1112 1382 992 112 307 383 504 48 781 1131 1442 1049 548 1204 235 312 1397 475 1277 628 1081 1125 1543 825 870 514 948 906 1141 1064 1454 1215 166 1256 976 366 399 640 715 1403 642 836 912 1327 839 289 

373 959 1289 106 442 669 400 996 1104 325 368 910 554 729 407 191 680 1378 
1007 1127 
1303 1030 212 214 1179 1417 218 100 1176 490 728 79 8 1313 1432 340 1039 224 733 1430 1463 343 1428 1037 1307 1186 503 623 894 1465 1207 469 861 1475 744 474 1202 1440 237 239 1542 631 902 909 24 980 1099 1455 1095 247 756 975 1482 281 1450 758 1092 1363 1448 794 914 678 1369 28 1367 30 34 369 1346 136 376 986 1224 1105 378 412 1103 1222 1341 982 1379 1497 45 1359 1119 1117 655 266 148 150 269 302 660 1384 1350 1111 545 577 816 47 938 701 51 55 1248 154 1128 192 311 549 161 1008 432 1276 196 672 1123 436 1511 317 826 829 59 1283 64 1412 1525 1257 438 171 203 713 565 209 1251 599 957 721 840 484 1172 
72 174 1031 177 566 1149 331 1181 1300 1530 1418 97 336 725 1027 1528 964 1415 727 1295 1025 1262 492 882 78 614 1315 1163 1161 1157 1 462 225 1191 1537 464 1461 228 380 499 1535 1306 382 620 6 384 741 1469 896 18 1054 467 350 470 354 745 1083 356 747 1471 120 1436 1198 634 904 788 22 1086 23 1217 1063 1334 1452 242 124 1096 127 246 365 1213 1364 284 1090 1209 793 970 643 795 677 679 1489 800 1229 1108 252 135 1106 529 141 260 920 770 802 1372 414 926 1381 43 1001 143 145 147 419 149 1234 1385 541 1114 1265 661 812 306 699 937 820 1271 1390 584 1250 1011 1247 1009 156 665 279 1398 939 194 1514 553 942 824 1242 197 945 201 947 591 710 62 1139 1258 1171 322 441 561 950 1288 714 1016 89 208 478 1133 954 211 93 483 68 875 1174 70 486 1292 877 
880 1304 1150 570 215 723 573 98 846 965 338 1413 103 888 10 1434 1314 1538 1073 463 345 379 1308 1534 621 779 898 16 19 1325 113 234 116 863 236 508 476 866 358 1199 1437 121 900 1316 395 515 786 789 791 1335 1061 362 1059 244 1214 1094 367 519 638 757 760 1056 1089 405 524 916 290 1370 29 682 978 1228 251 1107 1376 139 258 649 1342 1492 532 921 652 803 295 981 297 416 924 687 690 44 999 1118 1237 658 1386 186 934 308 427 579 1272 702 1012 159 193 1278 1244 1362 316 1282 1261 1411 1140 165 170 562 87 834 953 1404 1252 90 447 92 
1169 318 1018 1476 
35 1110 990 1531 1344 134 372 330 450 645 452 984 771 1414 220 1143 1175 654 76 806 493 884 928 692 41 1121 261 1238 1236 1354 460 537 656 1269 853 1310 151 227 1233 737 1188 694 860 1468 20 1444 1324 1323 349 1048 430 668 865 671 510 1513 1165 903 516 592 1479 790 1057 25 1066 1336 1021 360 1254 364 832 1167 1521 131 759 1329 761 1132 956 600 676 
878 1422 1227 567 1343 1028 1182 409 1529 845 1459 1219 417 850 883 613 1164 1240 1120 1195 1355 264 1387 539 152 425 544 663 814 188 818 1273 1466 1508 272 233 277 428 473 117 507 627 240 392 944 707 783 56 26 1337 1456 1137 125 320 363 202 517 636 1408 205 951 130 639 564 327 792 285 523 1446 958 27 69 71 
572 1515 282 1079 1087 
Took 335089411 ns