371 180 256 377 723 767 1374 1528 99 218 607 802 457 102 686 924 493 732 690 1184 1379 13 1164 1431 341 1388 1507 343 1463 186 1306 576 1035 307 188 697 388 55 1053 1246 471 310 279 509 630 706 869 903 594 1282 1098 1062 126 440 1095 443 974 639 1521 715 953 1210 674 761 1056 1089 1327 794 211 287 644 797 1173 1487 
1229 527 1106 410 572 842 292 725 1341 1026 1414 1490 101 1338 494 1239 1041 342 268 1311 853 107 270 464 995 1383 1502 619 738 187 1305 935 623 820 1389 15 153 351 278 1085 116 430 474 939 1008 1321 1437 1318 316 197 1197 1316 590 711 1412 163 1059 364 1214 562 832 1017 282 1167 1448 403 1252 1013 677 721 876 
1120 1130 1227 214 1104 1529 1265 521 122 285 587 599 870 299 397 516 
880 1034 1423 567 333 845 489 727 1144 221 730 492 613 1044 1162 1313 223 852 2 1310 617 1308 109 347 466 856 1037 381 5 860 504 742 774 624 14 1206 468 865 1200 120 391 629 240 1047 1058 1065 1217 1215 1453 1060 244 754 635 756 1483 400 973 1211 792 912 762 408 680 799 991 1347 136 988 647 412 1222 531 1459 1220 415 685 1457 297 927 810 692 42 1119 1356 419 538 541 660 1113 1232 1382 1500 579 190 818 53 274 546 667 1517 1126 195 1006 1514 315 1394 943 555 1360 826 56 319 828 59 592 712 63 1142 165 438 558 202 1290 324 563 1135 207 1285 89 565 1402 956 600 67 486 877 1410 

1153 1533 174 176 1030 178 330 1146 1182 334 605 1298 1179 575 965 1176 968 883 496 7 1156 1163 459 1537 226 1461 379 380 737 1036 230 501 741 894 1467 898 1465 1205 113 861 625 1084 507 746 1542 392 511 868 1078 902 633 1086 1476 25 1333 242 127 1365 367 132 641 643 913 1368 1108 1226 1375 141 650 1101 416 691 811 40 1378 1001 1354 265 1269 657 152 930 542 424 813 993 1231 815 189 817 1131 156 1280 160 314 704 554 1512 1003 1519 1261 1411 1021 1019 169 1522 1406 595 1015 1520 1133 1284 1251 719 68 722 875 1174 
751 1539 1127 
841 759 871 1470 

889 1359 369 166 556 450 743 301 462 1094 497 508 130 498 110 771 891 1100 696 773 1488 
1181 
177 566 331 95 963 1178 339 609 1024 1143 75 9 1045 1540 1432 1462 108 1427 228 1307 348 502 383 386 506 1207 1325 1443 1051 1204 472 1079 1317 901 398 980 1337 1216 1335 1454 1451 362 245 977 1096 1484 638 1093 1449 250 675 682 1225 530 768 770 921 983 1221 295 803 1117 145 655 1506 539 1504 303 305 816 191 938 50 702 1249 159 311 193 431 1515 822 1243 435 318 591 593 61 1293 1258 170 949 325 564 837 93 873 71 
32 133 569 645 181 1301 409 1416 413 488 1527 654 38 1002 1196 1160 1158 1464 463 1386 736 1384 931 621 387 1273 49 52 429 862 236 280 433 747 1471 823 867 632 709 790 1139 1334 360 167 84 203 441 636 128 1212 405 
30 72 1033 1346 1421 1531 253 179 1147 182 257 766 960 1419 97 1342 1145 414 1458 804 847 923 491 849 77 300 693 45 11 1240 1043 143 262 144 1040 340 851 1430 269 616 735 1190 661 1425 992 583 1509 272 1050 275 233 1399 863 1202 1081 1543 196 672 1362 198 631 707 752 829 907 1478 1023 1456 1018 1254 85 831 975 248 757 1092 1330 402 596 1481 284 1209 90 328 290 484 28 919 1291 
944 
1107 428 1377 473 627 1082 293 574 606 703 1025 1361 490 1413 394 945 925 361 106 1267 1264 1535 446 478 760 1328 814 955 1111 1186 545 481 48 603 679 917 801 1075 1508 
1032 1149 1355 243 374 1518 171 354 1268 291 1332 151 162 551 368 855 726 1112 1175 103 916 69 1391 1497 
1376 421 1234 1482 1503 1426 512 1132 1077 612 796 154 
173 1422 1031 451 1530 216 455 844 337 1415 1262 1294 731 886 81 8 1315 1434 222 104 224 1191 1536 618 1069 1188 739 859 503 780 18 19 1054 1444 469 744 1472 238 782 513 904 515 787 124 755 366 518 1364 281 520 972 1090 1208 1446 27 35 370 134 986 1493 1102 536 806 688 418 1380 1118 148 183 304 994 694 1350 663 426 936 47 1270 273 1245 158 277 550 669 1277 941 1005 1513 586 673 1242 436 825 60 1140 1020 1136 1409 1407 206 833 1016 445 1134 597 718 92 840 
175 1150 448 959 571 1180 219 608 728 966 1526 495 887 1302 461 225 1071 1428 1534 1155 111 1067 6 893 505 897 232 114 353 745 118 357 866 239 510 121 1198 1046 1165 1435 396 908 23 1336 359 129 249 286 524 407 681 1367 33 989 252 1344 372 765 985 651 1340 1491 296 534 298 809 1498 43 1510 1237 147 656 998 302 1114 1352 423 306 1349 425 577 271 1009 665 585 824 1123 588 827 58 710 830 1283 1281 1400 1260 1289 561 1169 1287 1405 1166 327 835 598 838 70 
1303 449 115 646 528 453 962 336 846 1339 1436 882 885 80 1525 261 168 1039 1366 976 734 1363 1253 911 1501 1424 957 66 580 1468 1076 1390 779 
1312 1279 475 940 996 358 200 1022 1109 1172 
548 570 138 376 1322 96 355 1224 670 260 785 1063 320 363 733 540 971 382 620 406 795 483 937 778 1194 
1028 764 137 573 649 1223 1417 1103 729 1381 41 1042 1161 146 1353 460 267 345 543 1187 1154 776 701 899 781 1088 1010 1248 1442 157 235 1203 1473 1516 671 1276 748 784 57 786 948 1401 1255 247 1331 401 758 1286 477 482 526 601 720 978 
683 34 990 254 1496 648 1299 335 411 1460 142 338 652 981 535 850 1121 999 1074 1193 1385 1189 857 740 384 819 1271 54 1474 1278 1397 432 1439 628 1244 1199 1275 749 1392 783 514 905 21 791 65 1257 1452 1170 951 444 714 910 1404 1447 717 793 91 602 1292 
1097 1129 1049 452 139 420 1105 217 769 1492 499 942 954 447 523 1541 1469 895 929 
878 1185 1304 1152 1148 212 332 454 843 1027 964 1263 1295 220 82 1183 10 1195 1314 1433 1538 1159 344 1072 1309 4 858 112 622 777 896 20 969 1055 467 1052 349 231 470 352 117 1083 356 1438 900 395 634 1480 788 1477 1061 125 1485 365 1213 519 640 1329 522 642 525 676 914 288 678 1489 1110 373 255 258 529 1494 140 920 984 1373 294 922 1219 805 417 687 689 808 37 928 39 1358 1000 1238 263 150 1116 1505 1266 812 1351 933 1230 698 51 584 1250 1011 276 547 666 549 821 1396 552 1241 201 947 62 164 1138 557 321 1408 323 952 88 834 836 329 872 958 


73 879 1151 1029 94 1420 1300 215 961 1418 98 487 1297 456 1177 611 884 79 614 888 1038 1 105 1073 1192 854 3 346 465 229 500 1466 17 1326 1087 1324 1323 350 1048 626 1440 389 1201 1320 1080 393 750 906 1479 909 1057 26 1066 1099 979 1455 1064 241 123 753 517 246 1450 915 1371 289 798 1369 800 1486 29 251 1345 1343 763 135 375 987 259 378 533 684 653 772 807 926 36 44 1235 537 149 1387 658 997 184 662 932 544 695 427 46 309 699 582 1272 1012 1247 664 192 1398 194 313 1007 1125 1395 434 553 705 1004 1393 317 1511 1122 437 589 708 1141 1259 1524 1256 439 1171 322 560 1523 172 442 205 1168 87 326 208 716 1403 1014 210 480 874 
31 1348 1228 1532 568 213 1495 724 532 1296 1372 100 982 74 610 848 881 967 76 78 1499 83 890 12 1357 1236 264 458 266 1157 615 1429 659 1115 227 422 1070 1233 185 1068 934 308 578 892 385 775 581 700 16 1445 1128 155 1441 234 1475 668 161 312 864 237 119 390 476 1319 1124 1274 199 946 789 22 64 24 1218 1137 559 204 399 637 950 1288 86 713 131 283 1091 209 404 479 970 839 1370 485 604 918 
Took 351542666 ns