1055 1163 1161 234 354 1504 141 249 476 1491 306 514 697 935 288 820 1378 
115 570 160 841 863 960 312 118 1277 703 510 586 101 1078 1197 909 163 1431 1312 301 560 345 1482 1426 229 424 970 719 67 
640 1512 728 
235 1073 704 1144 1117 810 1061 
1533 1032 1030 1301 1181 334 454 336 1175 611 850 732 78 886 1195 1162 1313 458 340 1158 615 1191 1310 1461 3 1307 230 739 1154 383 1468 1087 1442 350 113 1204 1474 355 1321 358 1199 393 1046 1435 1541 22 25 126 245 364 754 1365 281 130 520 523 287 408 1370 1486 1110 1226 371 139 377 529 1374 531 1103 804 416 535 36 38 691 1497 143 999 1269 151 185 1383 694 544 576 817 155 276 192 822 941 1276 435 705 944 1360 826 56 589 201 591 164 1021 1140 438 831 1169 1521 953 1285 1252 839 722 486 71 

1185 1033 272 1149 135 374 213 353 193 162 551 605 843 920 392 708 929 43 1539 1160 1255 439 223 949 247 303 930 446 1231 620 1035 718 191 875 1488 681 
31 251 448 567 256 410 97 259 294 802 1177 1338 806 882 37 80 1499 82 9 13 1077 1359 1433 1074 1311 734 107 1071 422 855 1503 380 931 110 186 305 1187 1425 1534 858 1067 1230 6 934 622 1509 17 351 471 862 1084 1322 1278 313 1515 1126 553 748 1080 1437 240 1047 706 633 784 907 61 1400 979 1336 360 440 559 976 129 832 1168 1212 206 1092 715 759 674 837 871 1489 1487 1410 

173 1423 450 1530 725 1145 100 1294 492 495 7 11 224 462 1537 854 227 347 1306 385 467 1051 1439 629 511 631 513 751 789 980 1098 1217 1215 637 756 975 1094 1450 285 793 1446 762 913 525 915 678 917 1369 919 35 1229 376 1375 530 985 1373 414 982 1381 1001 1356 1388 1506 659 1265 994 1113 543 700 1391 50 1270 55 153 1127 157 310 548 433 1513 554 1123 1242 1274 1361 1393 199 1283 1519 1023 1141 558 1290 1523 86 562 1135 1167 90 209 329 66 1292 
683 34 1303 1151 1031 568 137 1495 216 260 1492 1221 533 690 42 1000 1432 1159 852 1429 1505 1266 1385 1502 773 386 48 1272 778 1508 899 1009 158 473 1516 508 1319 1122 712 1401 790 1065 167 242 1170 1330 326 521 910 91 484 
889 
1053 468 449 987 649 940 962 628 413 103 60 1380 1282 1261 1337 359 1256 655 244 635 183 1116 421 735 1402 505 721 
72 879 1532 566 330 1028 180 94 1420 182 571 215 573 217 455 99 488 1296 608 1414 339 1024 1526 968 884 1044 1314 1538 1 344 464 497 1190 108 346 617 1427 1069 1188 738 1186 621 860 894 776 1466 1075 16 20 1326 1444 1085 626 745 475 1472 1081 866 512 750 394 632 904 787 1099 1334 127 1332 1364 248 638 401 283 1481 1089 794 914 407 796 798 1368 1348 990 136 375 292 650 1458 295 686 805 688 44 1118 146 269 539 996 184 541 932 1382 663 188 46 1273 938 583 54 1130 1247 428 667 279 1517 821 1394 198 317 1003 1392 945 590 711 594 62 65 556 1288 1522 205 714 477 1284 211 840 603 1174 1172 
842 335 1179 457 1339 848 924 298 493 614 692 1184 1540 1038 419 268 343 225 302 1309 1233 109 466 618 1036 1068 1155 1501 382 501 696 816 504 819 49 898 1389 1049 233 1518 1201 314 1006 120 316 673 749 782 827 946 396 64 1455 1138 1452 321 636 85 757 1211 445 834 911 642 1056 918 28 801 
1153 1109 1346 1421 1531 527 333 96 961 1494 1104 1417 1220 1295 74 609 811 887 1498 263 1041 1236 1355 145 147 656 1464 853 1232 619 425 1469 581 895 18 1131 273 668 1203 1398 1440 1473 865 1362 197 630 1511 318 783 906 908 63 1258 123 1136 755 1213 974 1406 564 1015 792 954 210 286 92 679 876 
1456 1148 362 226 367 1027 315 284 111 761 740 828 580 873 1390 
267 846 1176 991 937 
33 133 178 1343 332 1377 452 766 1178 845 489 727 771 102 221 729 79 39 1379 1002 1193 1387 152 1189 856 348 662 813 1112 933 189 47 818 52 1250 1445 1010 1052 1245 743 161 356 390 747 434 585 1124 1316 634 948 1086 1058 26 1066 1293 1411 1525 363 441 1214 1483 1017 444 972 1329 597 479 599 675 644 795 482 720 70 1367 
569 1298 1025 220 490 966 1143 1413 881 885 81 1156 1045 1315 105 1072 616 1536 736 4 381 500 1305 112 623 774 1470 388 1076 969 1088 1324 349 1050 1475 474 1082 357 1543 239 1079 902 785 21 1216 1335 977 1485 128 400 1093 402 971 1328 404 1208 643 677 289 27 680 800 29 1225 372 255 764 645 138 528 1376 1105 1222 142 1340 922 1101 653 1457 297 299 689 808 1358 261 264 1235 1353 537 1386 542 1351 426 308 578 698 1246 156 277 666 430 432 670 1125 672 1243 947 829 59 1260 1257 202 323 561 1407 713 951 87 325 563 595 1013 1251 93 
32 1152 1107 451 1496 1418 768 963 218 1026 652 684 803 1527 1100 888 341 1430 106 304 1037 857 1350 891 307 1012 1205 275 546 278 1279 236 1438 1241 200 752 515 1057 1218 1453 557 1096 84 171 1134 1166 1210 1448 522 1403 1132 600 838 604 
370 373 1146 765 1223 487 1460 965 1490 534 685 847 613 40 997 465 1384 1111 502 384 309 742 775 1206 1249 470 861 159 864 1008 1320 552 391 943 825 437 830 788 1476 1142 1022 1097 243 1059 1409 442 950 1331 952 1405 89 1090 598 1327 916 68 
880 1422 175 1029 959 1300 572 1180 606 338 967 731 496 1183 1302 12 1043 1039 104 461 733 498 228 5 892 624 1194 1465 780 19 232 744 1202 238 509 121 1165 516 1477 1454 125 1363 131 250 641 1209 912 406 797 1347 1227 1344 988 257 986 767 770 1372 923 981 687 926 1121 1239 262 1237 265 1507 657 1115 1352 661 812 1349 427 579 699 1011 274 1399 431 550 1397 195 671 1514 1275 587 58 592 204 324 443 1404 478 716 835 328 480 957 
73 1034 1304 174 252 254 1147 331 409 140 412 1528 456 726 1263 730 77 418 883 300 809 890 1240 1434 1119 460 851 998 1463 1428 379 993 1424 1500 545 701 896 14 1271 1325 507 669 1083 900 1198 436 555 869 588 319 395 710 1479 593 23 1018 169 1171 203 365 1289 1408 1484 172 833 1286 207 403 760 526 290 69 682 
1224 
176 253 181 646 1182 258 648 1342 1529 337 921 76 41 45 1164 1357 459 222 1157 1268 658 1234 1264 859 897 584 1128 547 939 746 1007 1005 868 122 397 1281 165 1451 1254 1095 519 282 973 1091 717 405 956 601 1371 

1238 1020 
538 758 196 867 610 536 925 369 1524 485 
791 1129 154 1323 399 984 995 499 1102 1436 1447 654 612 928 
53 1054 1248 763 429 95 116 625 724 1200 1416 1471 823 942 1317 75 807 1480 1196 1259 1062 1060 149 463 1267 1070 208 327 565 1133 814 955 524 741 602 779 877 
271 1228 117 291 574 769 1244 1395 607 1318 296 491 707 57 709 494 927 1063 1333 1040 1366 246 517 150 872 936 506 582 777 1291 
322 320 
148 342 1419 280 132 219 1004 417 664 1173 1048 

878 1150 177 179 212 214 453 723 1299 98 844 1297 575 964 1415 1262 849 8 83 10 1042 1192 2 1462 1308 737 1535 503 893 387 1467 15 781 1207 1443 1441 231 469 114 352 472 237 627 389 119 1542 901 870 903 786 905 398 1478 24 1064 241 361 124 753 366 518 368 639 1449 676 799 978 30 989 1108 1345 134 647 1106 378 411 1493 293 1341 532 651 983 1459 415 772 1219 693 1510 1120 144 1354 266 420 270 540 660 1114 423 187 695 992 577 815 190 702 51 665 1280 311 549 1396 194 824 1412 1139 166 1019 1137 168 170 1287 1016 88 596 1253 1520 1014 447 836 481 958 483 874 
Took 380181948 ns