878 331 570 1301 334 216 1179 1298 454 1528 456 100 1176 1413 103 883 888 12 1077 1315 1538 223 342 461 1074 2 1191 1537 1310 226 1428 3 347 5 1305 892 894 779 16 18 19 1206 1324 1323 1441 350 113 232 470 353 1204 355 1083 237 1320 1201 475 120 1541 1435 783 785 21 789 908 791 23 980 1098 1334 241 360 1452 363 1096 1450 1090 1447 1327 675 678 798 27 682 1227 251 1225 253 376 987 1105 1223 378 141 1457 924 807 929 39 692 41 1238 145 265 268 997 270 152 930 694 815 578 46 698 817 937 155 275 158 279 1007 1126 821 1362 704 1243 942 707 589 827 56 709 59 711 593 163 166 1018 168 1254 950 953 716 1251 955 958 840 69 1150 178 1148 1146 960 605 844 488 607 965 1025 76 612 82 1045 1163 1042 1160 1158 851 1464 733 616 1461 498 737 1155 860 742 505 1466 1054 1051 1048 625 1474 863 508 865 1472 389 632 514 1066 1063 1061 1059 1485 1482 640 761 286 524 405 288 526 1369 763 766 410 1493 413 1372 772 654 299 1381 1378 1269 301 1386 541 660 424 543 663 188 426 546 666 1518 1516 432 552 196 1394 434 673 1274 438 557 440 322 560 1169 1288 204 1522 86 1167 1285 1404 88 447 91 1174 876 1292 
1422 566 1147 212 569 214 96 725 1178 575 845 964 1145 1175 1262 491 610 729 882 78 1183 889 460 1038 462 106 464 346 1070 1535 738 857 1068 382 1424 776 15 899 17 969 1326 349 468 474 356 119 238 1471 629 1199 392 750 752 784 903 634 1480 907 1478 909 1058 26 979 1217 1097 124 128 520 758 1092 1449 368 131 972 403 1328 525 914 919 33 991 1228 1344 134 372 375 988 1495 139 986 293 802 1340 1459 533 982 684 923 1100 688 927 37 809 691 811 43 1359 1000 1357 1237 144 1117 264 1235 1353 537 1388 149 659 1265 185 542 1351 1502 305 813 993 544 1230 696 308 935 47 700 1272 1509 1250 153 1010 1248 1128 156 664 277 667 1280 312 1278 194 1395 1514 586 705 1361 436 319 590 592 60 1282 1260 203 441 831 1405 715 834 1520 327 478 597 1252 836 599 719 602 721 604 1410 
258 920 596 1047 1240 687 839 
879 1423 94 332 1181 1530 1529 1417 218 338 1295 101 884 13 1196 1433 1539 1431 340 1192 463 1429 345 1071 1309 227 465 4 1426 110 773 893 774 1076 897 20 1088 1445 1325 1087 1205 352 115 472 235 1084 1543 1080 1437 240 782 904 787 906 22 790 1099 1455 1453 242 361 125 977 247 1213 1093 130 249 910 1091 1448 1209 676 795 916 680 1348 1110 1107 1343 135 374 138 985 260 1103 1338 686 805 925 36 808 40 1358 1355 266 998 1115 812 931 1113 1231 576 695 992 934 818 49 154 1246 278 160 1008 940 162 703 585 1005 823 825 710 948 712 1261 164 1020 167 1137 169 1135 954 479 717 1013 837 481 67 722 485 73 173 1029 961 842 1026 1144 490 728 966 492 730 850 614 83 1159 1039 855 499 619 501 1035 621 1468 1465 1055 1049 628 510 630 869 394 633 1064 635 517 1483 638 1481 760 643 406 408 1367 764 645 527 291 1375 412 650 1373 296 416 535 1379 657 1268 420 302 184 186 189 427 429 192 431 1515 1277 315 1275 554 198 1283 1400 1519 1293 324 562 1287 205 444 326 564 1402 
1533 1033 989 1421 133 1149 330 256 647 1419 377 453 573 984 532 1221 846 1101 1490 220 981 1143 80 1497 1164 1434 1119 1507 1311 1233 1384 228 1307 1187 112 741 820 1270 1389 234 862 507 866 1081 1003 1360 828 58 516 1479 1365 713 521 1014 210 956 66 677 720 289 1370 875 1368 1487 
880 1303 1030 449 181 215 455 1027 1415 457 609 75 848 731 1157 1312 1430 225 1072 1190 229 859 384 503 506 388 1467 1443 1321 627 1200 511 1317 1436 1078 905 1086 1218 126 245 754 976 129 248 400 1331 1363 283 1329 132 913 915 1489 34 1229 1345 371 137 767 530 1341 770 921 414 652 1339 300 38 1498 1387 183 540 996 1234 422 1503 1111 1500 583 55 274 276 311 1279 1244 672 1124 1513 62 64 1412 1022 165 1139 171 85 832 595 1521 207 477 1134 1253 600 68 71 1172 
175 1031 180 182 1299 217 336 1297 489 608 1527 102 967 611 613 495 885 1184 1302 1156 1161 1040 1193 343 735 1536 1189 380 618 1069 500 111 858 1186 740 1470 386 896 781 1207 1444 1050 114 471 116 1203 1473 118 746 476 749 900 1198 122 631 1046 513 870 396 398 1057 1216 1335 1454 359 753 364 1366 1214 366 756 1364 1330 284 522 641 912 287 797 1371 917 683 31 35 136 255 765 1496 411 1491 771 1219 298 1380 42 1002 143 1356 263 1354 147 150 1505 421 1266 1385 995 1114 1264 1112 1382 662 933 816 191 938 582 1391 50 584 54 1131 1129 1009 1127 310 549 1398 669 280 313 551 195 197 1004 1123 1242 317 944 200 61 1142 556 170 321 1409 84 442 563 1016 1286 208 446 1133 835 329 838 211 484 
231 373 233 1377 430 841 236 670 1396 606 239 1542 512 1122 1511 297 926 690 830 788 81 1477 1411 1255 558 538 852 323 1116 1332 497 854 206 639 973 381 90 793 1067 622 644 601 796 1273 1173 
1185 1531 568 451 95 333 571 335 98 574 1177 1296 1294 1526 881 887 8 9 1540 1313 459 222 105 224 107 109 891 6 777 898 1194 467 469 473 117 1202 1082 1319 1438 1197 1316 24 1456 243 362 365 975 1094 1210 792 971 674 1208 799 918 28 681 801 30 32 1108 1346 370 252 254 257 1224 259 1222 1460 983 1458 922 1220 804 689 693 45 1001 1120 261 999 1236 151 1232 932 814 1349 697 581 819 702 52 1130 272 159 161 822 941 1125 587 1241 826 945 708 947 829 63 1141 1258 1136 949 172 1017 951 598 718 603 1034 1153 174 1151 176 179 724 487 963 726 1024 849 968 493 496 1463 615 379 617 736 856 1036 620 385 1052 861 744 747 391 868 393 395 397 1476 1065 1062 1060 755 399 637 281 519 757 401 285 523 407 290 1488 1486 646 409 1376 648 768 1374 415 418 1510 1267 1504 423 661 304 1501 187 306 309 1390 1508 665 1397 314 1512 555 1392 318 1524 202 1171 1289 1408 443 87 445 89 92 872 874 1291 
1012 351 548 528 1106 723 1180 962 1439 357 295 803 824 534 902 1401 1044 1336 1432 1256 1095 1506 518 1406 108 833 1211 1306 1403 230 328 307 871 482 579 623 778 
1304 1532 448 567 450 213 1182 1420 452 1300 1418 572 97 1416 99 337 1414 219 339 221 886 7 890 10 11 1314 1195 458 341 104 1 1073 344 1308 1427 1188 466 348 1534 1425 775 895 14 1075 780 1442 1085 354 1322 1440 358 1318 121 1079 901 786 25 1337 1215 1333 1451 123 244 127 246 367 974 1212 250 911 970 1089 1446 794 679 800 29 978 990 1109 1347 369 1226 140 1104 1342 1102 142 685 806 928 810 44 1121 1239 262 1118 146 267 148 269 1352 994 1350 577 936 699 580 48 701 51 53 1011 271 1249 1247 273 157 1245 939 1006 943 706 588 946 57 591 594 65 1023 1021 1259 1140 1138 1257 1019 714 952 1015 1132 480 957 483 70 486 72 1152 1032 177 1028 959 843 727 1263 74 847 77 494 732 79 1162 1043 1041 734 853 1462 1037 1154 383 502 504 1469 624 387 1053 743 1475 745 864 626 390 509 748 867 1165 751 515 636 1484 282 402 759 404 1056 642 762 529 1494 292 649 1492 769 531 294 651 653 536 417 1499 655 656 419 539 658 303 1383 425 545 190 1271 428 547 1399 1517 668 193 550 433 671 1276 553 316 1393 435 199 437 201 1281 1525 320 439 1290 559 1170 1523 561 1407 1168 325 1166 1284 565 209 93 873 877 
739 
Took 402930759 ns