1228 1150 646 409 723 961 378 531 726 1263 220 772 417 927 39 82 1156 12 1045 1357 262 1158 105 224 303 736 995 466 1383 306 620 188 622 697 46 894 777 702 1390 1052 1475 160 279 475 821 1277 1320 357 390 671 1318 1542 316 587 513 1057 1412 1021 1258 556 1096 1290 246 172 204 1287 444 792 835 1089 524 718 913 644 601 289 799 1488 1368 
311 1294 395 1313 273 156 
749 685 243 693 
566 448 1147 1377 258 767 1342 1103 456 802 1144 1457 297 654 686 612 886 1240 146 265 1353 222 852 695 112 307 936 386 1389 1055 468 470 665 1517 280 1321 432 195 703 391 1004 1316 394 437 200 708 785 787 906 21 1476 1336 1365 562 832 714 1091 1481 403 1328 92 914 798 1370 485 

683 1033 1532 1531 1029 527 766 1300 139 1104 1493 412 1027 1459 219 533 1339 296 728 848 77 299 418 807 614 1315 263 459 342 149 268 1192 1386 151 497 996 1189 858 891 577 740 503 893 624 1465 15 157 159 1278 313 627 1515 1081 1200 392 630 1360 1511 751 826 909 1293 359 559 1332 1212 1449 283 477 89 716 1447 523 912 762 794 840 916 875 919 
377 433 209 699 

72 1034 175 1151 371 1344 1148 374 94 959 1419 1495 96 140 259 217 1222 337 1026 1145 1372 608 1101 804 1143 1413 610 103 850 926 7 1302 1510 1044 1163 1119 655 657 1505 1428 498 423 737 931 1426 110 813 1067 1186 545 934 896 53 781 153 1129 1245 471 743 1518 235 668 1397 162 1201 1514 1080 943 1512 706 1003 318 514 752 710 593 1477 63 1064 360 1254 245 1366 366 521 208 284 1284 447 598 839 603 918 1173 978 1291 
174 1346 988 333 528 215 648 1375 574 142 1221 965 1295 609 653 1338 75 491 967 883 11 13 1001 1120 1239 1433 1355 341 1464 462 538 1506 106 997 1234 380 1232 543 1382 230 663 383 48 581 819 16 17 272 1050 547 1203 626 1319 120 824 1242 1361 1435 827 904 591 711 1283 791 1097 1333 438 1059 440 636 1170 1289 324 519 757 1168 1363 402 640 834 1253 564 327 642 481 484 486 
878 1032 449 212 331 1420 95 454 724 844 99 457 727 102 492 887 890 9 1164 1539 1161 458 340 1193 1311 344 3 739 621 1469 895 1075 18 1444 1205 1324 467 1083 356 1439 1471 1317 869 1541 783 903 1086 1058 1455 1216 1334 241 1061 1451 754 1485 365 128 247 399 1330 1210 641 911 1090 408 1371 29 991 1109 1225 137 257 985 293 1341 921 295 771 923 808 42 999 266 537 150 1385 185 662 1231 1501 425 576 933 1349 50 1247 274 1280 551 1006 1362 1394 825 589 58 1282 1140 166 320 949 831 1522 1017 715 1166 1013 956 720 1174 
705 
1153 1422 1028 180 843 962 888 83 10 1040 1073 1430 226 854 1071 108 1069 1535 859 385 1194 1054 1323 1051 472 354 1202 389 865 629 1046 1479 980 1098 1453 361 127 637 975 1213 281 1450 1482 973 1211 760 288 27 681 33 1347 1226 252 254 645 256 376 1494 1374 532 414 1220 924 809 691 811 1121 143 144 1117 656 540 1115 660 1500 578 1508 271 1246 158 666 670 1244 942 436 945 590 830 594 171 86 205 1403 479 1132 329 958 1292 
880 571 960 455 1297 1528 489 966 732 8 1196 1538 2 1310 1462 346 1070 1308 4 228 619 1036 1468 898 780 1206 350 114 863 1084 236 746 1082 119 238 358 1078 1165 634 789 908 362 125 244 974 520 1329 1448 1056 1446 643 679 917 35 989 1345 133 135 373 255 987 1376 410 984 922 982 535 805 300 41 45 1358 1354 419 998 1503 661 1113 187 814 816 1272 1011 1248 1127 429 193 431 1008 315 585 1275 1513 435 317 59 62 65 1261 1259 1524 1019 202 1169 595 1521 207 446 565 836 1251 210 482 873 68 71 
1088 1185 1325 176 1149 253 450 181 291 573 476 920 607 1243 1025 199 729 1356 264 1388 735 1352 741 47 505 937 

214 544 387 592 778 
1107 1041 1214 97 616 940 131 856 1037 348 652 932 1068 1112 688 
73 1030 232 1048 1530 292 1178 534 319 925 709 947 40 1497 1434 1540 1060 126 148 170 977 1387 1116 250 618 1520 186 971 1306 287 427 1410 
32 1229 1348 251 763 572 1224 768 1179 98 413 1024 1175 730 968 494 1379 1236 1159 1074 343 1429 464 1190 308 860 742 49 1391 1467 14 55 1010 1443 154 474 1473 1007 1396 866 672 1124 1437 1274 122 198 512 588 788 1401 25 1337 1217 1335 1454 1062 242 321 364 441 1095 756 950 129 638 1331 1133 1252 1208 91 525 676 871 407 797 1369 876 

517 196 229 1350 1002 784 829 1157 
1227 177 330 213 862 1440 530 1126 1543 488 983 1102 511 1527 944 1392 396 495 22 1065 1237 461 85 615 443 1504 1536 379 1016 424 500 993 674 1035 698 506 722 
1031 567 1301 452 487 845 964 1176 849 1183 1042 460 1038 1312 733 853 855 1427 1188 381 1425 738 5 111 1305 504 1326 1053 469 233 1322 864 118 747 1436 750 782 515 398 907 1066 1099 1218 1456 1063 1215 758 285 406 677 796 290 1487 1367 369 1108 372 765 138 529 986 1105 411 260 769 1492 928 1380 1498 1378 44 145 302 659 1233 541 1264 305 696 189 817 1509 1249 155 1009 667 550 314 941 1125 1241 201 828 948 712 61 1519 1141 1260 1020 168 439 1171 1408 87 326 1134 1404 597 90 955 328 480 600 957 93 
1204 194 1461 952 632 1250 1533 1470 
1432 1441 223 451 1269 842 713 445 510 1262 1327 76 818 
1304 536 774 
1131 1162 1442 161 561 1472 368 822 1395 1438 1285 580 905 70 583 
879 568 764 647 649 1223 141 218 1340 100 846 74 881 298 37 79 1499 1184 225 420 1191 107 1265 1384 857 1155 1230 502 309 701 20 234 548 625 744 117 552 748 1005 1199 673 1122 902 979 123 1256 1409 322 442 910 761 795 1489 28 1486 
1423 569 332 334 1180 1299 1417 336 1177 1414 339 490 847 731 78 884 889 1077 1314 1431 104 1537 1309 617 1187 501 1154 6 773 623 776 779 1445 1087 353 116 745 509 121 901 397 786 1480 24 363 755 1364 1483 1093 130 282 759 793 405 675 801 30 1110 1343 136 650 770 1491 1219 416 687 806 261 1238 1235 267 269 658 1267 152 184 930 542 1351 935 1271 584 54 275 310 1398 939 434 823 586 197 707 57 60 64 1023 1142 165 1257 167 203 560 951 1406 325 563 1135 1167 1286 1015 954 211 838 721 604 
34 134 179 182 841 1529 294 651 338 684 803 1458 415 1526 885 1381 81 1039 147 1463 421 465 694 1424 815 388 820 1466 19 1130 1049 352 192 473 507 669 237 867 240 1393 1197 870 633 516 1478 23 164 1138 1452 169 1484 1523 323 1094 518 400 972 132 67 69 680 877 
1303 1146 570 1181 453 1418 216 1298 605 725 963 1415 1296 221 613 80 1043 1160 851 1 463 734 109 347 499 1307 1534 384 892 899 969 1207 349 861 1085 1474 355 508 628 239 868 1079 1198 393 631 790 26 753 976 367 249 401 1092 522 1209 404 970 286 526 915 678 800 682 31 375 1496 981 36 810 692 43 1000 1118 1507 301 270 1114 812 1502 992 1111 579 191 700 1273 582 52 1012 1128 277 428 1399 430 549 1279 312 1516 704 1123 56 946 1281 1022 1525 1139 1018 1137 1255 558 84 1288 1407 206 1405 833 953 478 1014 1402 837 599 719 872 66 602 483 1172 
173 178 231 664 113 276 351 278 1106 335 553 900 101 555 1100 882 493 690 929 163 1411 557 183 345 1266 422 639 304 775 938 51 
990 1152 1421 370 546 1182 115 606 1276 1373 1416 1460 575 554 1047 1490 611 689 38 496 1400 1359 1195 124 1136 635 1268 539 1072 248 227 88 596 994 382 717 426 190 874 897 1076 1270 
Took 340655949 ns