36 47 52 54 59 66 84 143 164 167 217 241 256 287 290 299 321 324 327 342 
49 81 131 166 173 190 213 219 242 246 254 261 338 
23 58 64 102 134 142 145 154 159 176 193 231 249 259 264 279 281 319 334 348 
14 22 35 38 69 77 79 94 108 144 177 201 250 257 267 301 332 
28 33 111 148 208 285 320 352 
1 73 98 106 112 116 191 247 253 284 317 344 
72 75 118 136 158 160 195 209 232 291 350 
20 25 30 101 165 251 268 305 
57 74 172 184 188 211 236 238 306 313 356 
63 97 107 126 129 135 137 175 178 225 230 237 293 322 336 353 
71 88 92 95 110 124 147 156 182 216 300 307 312 315 329 364 366 371 
8 29 43 45 51 83 151 169 185 235 275 277 309 326 343 355 
3 13 15 19 50 61 65 67 89 100 104 138 163 204 207 215 224 229 240 272 289 325 351 365 369 
12 18 26 40 42 46 56 68 90 93 103 105 115 141 150 153 179 194 196 202 223 226 239 248 263 271 273 276 278 295 304 310 330 339 341 347 363 
6 10 11 16 31 37 39 44 48 55 80 86 96 109 114 120 122 125 133 139 149 161 180 199 212 220 222 234 262 266 282 308 318 335 345 349 357 361 
17 21 34 41 53 76 82 99 113 117 123 128 130 132 140 146 157 171 183 189 198 200 205 206 210 214 221 228 243 252 255 258 265 269 292 294 296 298 303 323 333 340 346 358 360 362 367 368 370 
2 4 5 7 9 24 27 32 60 62 70 78 85 87 91 119 121 127 152 155 162 168 170 174 181 186 187 192 197 203 218 227 233 244 245 260 270 274 280 283 286 288 297 302 311 314 316 328 331 337 354 359 
