27 29 50 74 91 141 144 241 247 251 304 327 361 408 412 415 425 432 475 503 535 559 565 612 627 639 641 654 669 674 682 688 690 697 733 739 746 756 771 788 837 858 879 896 947 949 970 1007 1014 1049 1068 1102 1112 1150 1164 1177 1180 1183 1201 1211 1255 1265 1284 1296 1367 1380 1411 1415 1438 1497 
30 37 55 57 62 78 85 109 200 228 235 283 328 338 382 404 414 435 455 519 531 534 543 568 584 617 638 662 672 675 691 694 713 728 732 736 762 784 790 800 834 845 848 867 893 914 917 925 963 974 991 995 998 1011 1055 1065 1103 1188 1193 1205 1216 1219 1291 1310 1320 1338 1370 1391 1434 1473 1487 
43 53 95 140 148 163 191 276 292 312 317 336 362 405 460 466 526 580 583 608 640 656 686 708 731 805 822 825 854 904 951 1039 1056 1070 1073 1116 1118 1121 1123 1141 1152 1209 1223 1228 1247 1345 1347 1375 1379 1395 1403 1458 1504 1509 1516 
21 33 89 121 139 149 195 207 216 236 238 254 284 339 357 365 389 469 485 589 594 618 661 744 798 816 832 843 864 878 913 941 955 980 1048 1108 1140 1161 1175 1185 1262 1275 1277 1389 1423 1430 1432 1475 1491 1507 1511 
49 72 93 129 159 189 303 305 329 413 436 481 548 556 561 566 571 576 670 687 695 741 761 809 908 919 921 997 1027 1128 1146 1195 1264 1281 1343 1388 1450 
166 172 204 222 260 275 331 367 394 431 488 540 602 781 797 818 835 850 894 940 999 1034 1041 1045 1061 1091 1132 1138 1266 1273 1278 1376 1499 
41 46 92 174 270 399 459 554 601 605 633 644 829 861 934 984 992 1018 1230 1233 1283 1354 1409 1425 1469 1530 
45 64 118 223 233 340 417 476 528 547 614 626 685 722 754 759 774 783 786 846 966 983 1033 1053 1060 1095 1137 1149 1165 1169 1267 1286 1330 1385 1453 1462 1480 1489 1515 1542 
24 76 138 155 177 218 231 288 290 308 320 349 387 473 495 597 609 715 718 860 868 871 912 968 986 1028 1078 1080 1144 1156 1220 1335 1357 1407 1437 1460 1482 1508 
10 11 18 34 59 119 154 175 213 363 419 449 500 523 525 532 537 578 628 650 652 657 700 703 707 789 812 826 831 976 987 1025 1043 1104 1129 1199 1225 1242 1288 1359 1365 1369 1396 1400 1421 
39 42 58 104 127 130 160 210 239 265 285 301 302 307 313 350 358 385 421 426 428 441 443 484 513 517 533 536 544 613 671 693 706 742 765 770 794 796 807 811 828 840 853 887 945 973 979 982 988 1001 1006 1054 1077 1163 1174 1186 1191 1246 1261 1270 1340 1350 1352 1408 1414 1431 1445 1457 1468 1503 
12 22 63 83 99 161 182 185 192 205 209 242 297 310 319 324 332 388 396 403 422 448 479 492 511 549 560 562 587 590 596 598 606 625 704 726 751 763 777 793 801 804 814 857 863 886 889 900 923 927 952 990 1013 1024 1050 1082 1127 1136 1148 1154 1158 1179 1181 1213 1269 1279 1292 1305 1311 1327 1344 1381 1387 1412 1417 1446 1461 1466 1471 1474 1476 1537 
1 15 35 67 71 77 113 115 122 126 137 146 151 158 215 219 221 226 230 264 286 293 335 345 352 355 373 401 409 446 453 489 507 509 527 538 564 581 631 663 665 698 709 716 773 775 787 792 803 817 833 880 890 906 1009 1017 1021 1030 1037 1052 1072 1074 1086 1094 1147 1172 1203 1232 1235 1258 1260 1307 1315 1322 1325 1334 1351 1386 1392 1401 1416 1418 1424 1435 1495 1505 1510 1525 1526 
6 16 36 38 54 61 70 96 125 134 147 152 157 169 171 173 183 243 256 268 273 277 280 299 306 315 333 360 369 377 380 386 390 393 416 439 447 462 464 468 470 472 491 506 516 521 529 553 586 622 634 649 659 677 714 723 740 776 799 820 830 892 902 909 916 929 935 939 944 946 967 978 1012 1020 1023 1036 1042 1046 1066 1083 1099 1133 1153 1184 1187 1200 1218 1222 1229 1238 1244 1250 1254 1274 1285 1287 1299 1301 1318 1374 1377 1399 1404 1427 1479 1481 1484 1502 1506 1522 1534 1538 
4 14 25 56 79 86 100 103 105 108 112 133 135 156 165 188 194 202 220 224 229 232 245 250 253 257 263 278 281 287 289 311 314 334 342 344 366 370 372 398 402 418 423 430 433 440 445 451 454 474 510 518 524 541 570 573 595 623 632 642 645 647 651 660 664 666 680 702 712 724 735 747 766 769 779 782 824 839 841 859 872 884 895 901 932 936 938 943 954 957 959 965 996 1004 1015 1058 1062 1067 1071 1075 1085 1092 1097 1106 1110 1114 1124 1130 1159 1167 1171 1178 1194 1197 1202 1227 1231 1236 1240 1257 1272 1289 1308 1317 1328 1332 1337 1341 1361 1382 1405 1419 1439 1449 1452 1454 1463 1467 1483 1498 1512 1518 1523 1528 1540 
2 17 20 23 31 48 68 73 75 81 88 90 98 101 110 117 123 131 136 142 168 184 190 198 203 212 227 240 246 248 262 266 269 272 295 300 316 322 330 354 376 383 391 400 411 420 434 437 465 478 480 482 487 494 496 498 502 504 508 530 546 552 557 567 577 579 629 635 637 653 667 681 684 717 719 727 729 734 753 764 778 808 836 849 855 862 874 882 897 899 905 915 920 924 950 961 971 977 989 994 1000 1003 1032 1035 1044 1059 1069 1076 1090 1093 1101 1113 1120 1122 1139 1142 1151 1170 1196 1198 1206 1221 1243 1249 1251 1253 1256 1263 1294 1298 1304 1306 1313 1316 1321 1333 1348 1355 1363 1371 1383 1393 1397 1429 1443 1447 1472 1478 1488 1494 1496 1500 1514 1533 1543 
8 26 28 40 44 47 51 60 69 80 94 97 106 124 132 167 176 179 181 186 193 197 201 217 244 249 255 258 267 274 291 309 318 321 325 337 347 359 368 375 378 381 384 392 397 406 410 452 456 461 463 467 471 477 483 490 497 499 515 542 545 551 574 588 592 600 603 611 615 620 624 630 636 646 648 658 673 678 683 692 696 701 705 711 720 738 748 750 755 757 768 785 791 802 806 815 819 821 827 838 852 865 870 875 877 883 885 888 891 898 903 911 931 933 953 956 958 962 985 1005 1016 1026 1029 1031 1038 1040 1047 1063 1081 1084 1089 1098 1105 1109 1115 1119 1126 1131 1135 1157 1160 1162 1166 1173 1182 1190 1192 1208 1210 1212 1215 1217 1239 1241 1245 1276 1290 1293 1295 1303 1309 1312 1319 1326 1342 1346 1362 1364 1368 1372 1378 1390 1398 1402 1406 1410 1413 1426 1433 1440 1444 1448 1456 1464 1470 1477 1486 1490 1492 1501 1513 1521 1527 1531 1535 
3 5 7 9 13 19 32 52 65 66 82 84 87 102 107 111 114 116 120 128 143 145 150 153 162 164 170 178 180 187 196 199 206 208 211 214 225 234 237 252 259 261 271 279 282 294 296 298 323 326 341 343 346 348 351 353 356 364 371 374 379 395 407 424 427 429 438 442 444 450 457 458 486 493 501 505 512 514 520 522 539 550 555 558 563 569 572 575 582 585 591 593 599 604 607 610 616 619 621 643 655 668 676 679 689 699 710 721 725 730 737 743 745 749 752 758 760 767 772 780 795 810 813 823 842 844 847 851 856 866 869 873 876 881 907 910 918 922 926 928 930 937 942 948 960 964 969 972 975 981 993 1002 1008 1010 1019 1022 1051 1057 1064 1079 1087 1088 1096 1100 1107 1111 1117 1125 1134 1143 1145 1155 1168 1176 1189 1204 1207 1214 1224 1226 1234 1237 1248 1252 1259 1268 1271 1280 1282 1297 1300 1302 1314 1323 1324 1329 1331 1336 1339 1349 1353 1356 1358 1360 1366 1373 1384 1394 1420 1422 1428 1436 1441 1442 1451 1455 1459 1465 1485 1493 1517 1519 1520 1524 1529 1532 1536 1539 1541 
