3 11 19 24 25 76 80 83 88 98 103 104 108 166 196 216 227 237 241 244 253 279 287 315 322 328 351 363 377 382 387 389 411 413 434 439 445 447 449 470 493 496 524 529 543 546 550 581 593 613 625 632 640 647 667 682 692 705 709 711 716 738 767 769 772 776 789 819 841 844 873 876 878 883 888 894 900 902 908 930 937 955 958 963 965 980 987 1000 1007 1018 1025 1028 1042 1051 1054 1062 1077 1096 1098 1106 1121 1147 1150 1155 1167 1180 1188 1199 1203 1215 1223 1225 1227 1247 1251 1288 1300 1314 1324 1327 1334 1386 1393 1404 1412 1441 1447 1461 1469 1472 1482 1492 1506 1518 
7 17 30 34 47 71 78 81 94 96 119 123 127 139 153 171 203 212 215 239 250 305 316 339 346 368 376 407 441 456 464 474 478 492 500 502 523 527 569 588 590 597 600 606 614 621 634 642 644 688 714 719 725 739 751 758 792 809 813 836 843 858 875 889 920 922 938 943 952 973 976 985 1008 1010 1017 1033 1039 1068 1070 1082 1084 1093 1100 1162 1178 1184 1220 1230 1235 1268 1282 1291 1293 1295 1309 1312 1319 1326 1344 1361 1399 1417 1422 1446 1449 1459 1479 1495 1509 1514 1520 
12 29 117 122 125 130 135 137 180 190 202 213 224 233 247 268 298 302 326 335 357 380 414 430 433 435 437 443 480 516 532 534 584 595 598 617 630 685 687 703 717 722 730 745 794 805 810 818 839 864 866 869 881 896 913 926 931 962 981 1012 1029 1034 1046 1055 1065 1075 1079 1087 1102 1104 1114 1129 1152 1164 1170 1186 1234 1261 1306 1311 1336 1374 1400 1403 1477 1488 1490 1498 1508 
20 36 111 120 157 162 165 192 218 235 260 273 280 330 338 344 361 383 393 416 425 471 490 510 517 540 577 601 626 638 643 653 715 736 753 787 800 825 853 879 897 904 917 925 992 995 1005 1013 1024 1071 1080 1088 1136 1197 1205 1209 1212 1276 1278 1284 1335 1338 1355 1358 1373 1379 1381 1383 1402 1439 1448 1455 1457 1516 
58 64 95 112 147 210 248 321 325 398 406 418 466 488 521 572 587 636 689 741 820 945 984 1086 1101 1202 1241 1259 1279 1289 1316 1354 1371 1385 1387 1389 1392 1434 1452 1458 1536 
28 46 49 54 59 100 129 155 159 207 225 288 311 332 374 405 432 451 453 458 507 525 566 589 668 696 733 740 755 766 777 782 798 831 834 845 855 935 1027 1030 1061 1117 1145 1151 1172 1189 1218 1244 1303 1323 1357 1415 1423 1425 1435 1442 1510 1513 
31 35 40 107 114 156 167 181 187 191 193 201 211 238 295 306 317 354 421 429 463 501 564 582 605 657 659 665 669 673 684 691 743 788 796 821 823 837 857 893 910 942 956 961 988 1021 1023 1047 1092 1133 1135 1157 1161 1169 1183 1208 1216 1243 1246 1254 1266 1275 1287 1292 1297 1301 1339 1351 1366 1380 1398 1409 1445 1454 1471 1505 1538 
4 39 60 66 82 86 101 115 131 170 173 175 178 183 186 195 200 204 208 223 229 231 242 274 277 291 297 299 301 323 327 349 388 400 420 422 424 442 455 468 476 485 489 505 519 522 542 549 552 557 575 610 616 619 654 660 662 695 704 706 710 731 761 764 770 779 781 802 817 827 835 850 859 863 909 924 929 950 954 960 967 978 989 997 1020 1043 1050 1058 1078 1110 1126 1137 1143 1158 1163 1181 1214 1217 1252 1264 1270 1273 1302 1320 1362 1364 1368 1370 1378 1390 1395 1437 1444 1464 1467 1502 1527 
5 32 38 52 67 69 84 87 89 102 110 118 145 149 161 174 177 179 222 243 252 254 257 259 264 282 296 310 318 324 333 341 345 347 352 366 370 378 391 396 401 403 409 412 423 444 446 454 457 460 469 473 475 481 499 508 533 535 537 556 562 585 599 603 608 635 661 680 708 713 718 729 737 742 744 747 757 760 765 774 795 801 807 822 826 856 860 870 891 898 907 912 914 919 932 934 966 969 971 999 1004 1036 1048 1057 1064 1074 1107 1113 1120 1125 1131 1134 1141 1175 1177 1179 1193 1196 1206 1210 1232 1238 1242 1260 1262 1269 1294 1331 1346 1348 1353 1369 1391 1397 1416 1428 1460 1463 1466 1489 1497 1504 1511 1528 1531 1537 1540 1543 
9 13 16 21 37 55 61 73 91 106 109 116 132 134 136 151 154 164 169 182 184 189 198 206 226 236 249 255 265 270 275 284 286 308 312 319 329 343 353 355 360 364 371 373 375 386 392 399 408 427 462 465 487 512 514 555 558 560 568 570 573 576 578 583 586 592 602 604 611 615 620 622 629 631 639 646 648 650 663 672 677 694 698 720 723 726 750 752 768 771 773 785 793 803 814 816 828 830 848 851 852 861 865 872 877 880 882 885 887 899 906 918 940 947 949 953 968 972 975 982 986 991 1002 1035 1038 1040 1045 1049 1066 1069 1091 1095 1099 1112 1122 1124 1128 1148 1156 1159 1173 1185 1200 1222 1231 1233 1250 1256 1258 1265 1267 1280 1313 1317 1328 1332 1340 1345 1356 1360 1365 1376 1382 1388 1401 1406 1408 1411 1413 1429 1431 1436 1450 1465 1468 1473 1480 1483 1485 1491 1501 1503 1515 1522 1529 1535 1539 
1 10 14 42 44 48 51 53 57 63 65 68 72 75 77 79 93 97 99 113 121 124 128 140 142 144 146 188 194 197 199 209 217 219 221 230 240 245 262 267 269 272 290 292 294 303 313 320 337 348 356 358 369 379 381 385 390 395 402 404 417 426 428 436 440 448 450 452 472 477 483 495 498 504 509 515 520 526 531 539 545 547 551 553 561 567 580 594 612 624 628 637 649 651 656 658 666 671 675 679 681 699 701 728 732 735 748 754 762 784 786 790 799 808 811 815 833 840 846 867 884 890 892 895 901 903 911 916 928 939 944 970 974 977 983 990 994 998 1011 1015 1019 1032 1041 1053 1056 1060 1067 1073 1076 1083 1090 1103 1105 1109 1115 1119 1132 1139 1153 1165 1182 1191 1194 1201 1207 1211 1213 1228 1236 1239 1245 1249 1255 1257 1263 1271 1277 1281 1286 1299 1304 1308 1315 1318 1322 1325 1330 1333 1337 1342 1347 1350 1352 1384 1407 1414 1418 1420 1426 1433 1438 1440 1451 1456 1462 1470 1475 1484 1486 1493 1499 1517 1523 1525 1532 1534 
2 6 8 15 18 22 23 26 27 33 41 43 45 50 56 62 70 74 85 90 92 105 126 133 138 141 143 148 150 152 158 160 163 168 172 176 185 205 214 220 228 232 234 246 251 256 258 261 263 266 271 276 278 281 283 285 289 293 300 304 307 309 314 331 334 336 340 342 350 359 362 365 367 372 384 394 397 410 415 419 431 438 459 461 467 479 482 484 486 491 494 497 503 506 511 513 518 528 530 536 538 541 544 548 554 559 563 565 571 574 579 591 596 607 609 618 623 627 633 641 645 652 655 664 670 674 676 678 683 686 690 693 697 700 702 707 712 721 724 727 734 746 749 756 759 763 775 778 780 783 791 797 804 806 812 824 829 832 838 842 847 849 854 862 868 871 874 886 905 915 921 923 927 933 936 941 946 948 951 957 959 964 979 993 996 1001 1003 1006 1009 1014 1016 1022 1026 1031 1037 1044 1052 1059 1063 1072 1081 1085 1089 1094 1097 1108 1111 1116 1118 1123 1127 1130 1138 1140 1142 1144 1146 1149 1154 1160 1166 1168 1171 1174 1176 1187 1190 1192 1195 1198 1204 1219 1221 1224 1226 1229 1237 1240 1248 1253 1272 1274 1283 1285 1290 1296 1298 1305 1307 1310 1321 1329 1341 1343 1349 1359 1363 1367 1372 1375 1377 1394 1396 1405 1410 1419 1421 1424 1427 1430 1432 1443 1453 1474 1476 1478 1481 1487 1494 1496 1500 1507 1512 1519 1521 1524 1526 1530 1533 1541 1542 
