15 25 34 46 54 56 102 104 129 139 149 163 167 171 240 256 278 289 311 316 320 348 358 365 370 456 462 469 478 491 493 511 514 524 548 570 592 596 603 619 639 662 676 700 703 728 735 754 761 781 825 858 879 883 889 902 910 931 936 952 959 973 979 1006 1008 1015 1017 1037 1042 1067 1118 1122 1126 1136 1144 1149 1154 1159 1170 1196 1226 1228 1250 1256 1258 1271 1277 1283 1287 1293 1346 1352 1369 1405 1443 1455 1467 1476 1487 1492 1502 1509 1518 1528 1530 
26 29 154 173 180 184 192 199 201 204 255 262 272 284 303 309 315 321 426 430 436 447 460 480 555 569 590 640 669 694 697 719 727 732 736 743 779 813 816 845 872 914 942 947 961 981 998 1014 1033 1049 1082 1111 1132 1143 1187 1219 1240 1275 1311 1330 1342 1371 1383 1415 1445 1448 1450 1462 
18 31 33 38 50 85 95 115 189 210 218 294 322 339 356 366 377 470 479 504 523 538 546 587 646 664 682 707 734 744 789 799 827 837 846 861 864 874 876 899 908 920 922 1031 1035 1041 1052 1162 1209 1222 1252 1260 1274 1279 1325 1332 1335 1358 1384 1419 1437 1496 1514 1517 1526 
3 9 47 73 77 80 82 108 128 131 147 181 215 244 336 378 391 466 492 513 516 541 629 647 706 725 767 820 865 909 929 972 997 1098 1101 1114 1231 1304 1319 1337 1386 1409 1511 1540 
5 124 161 191 212 224 226 324 335 344 484 494 499 520 543 573 576 625 630 692 742 751 802 835 1024 1047 1073 1102 1106 1134 1197 1204 1214 1224 1227 1248 1251 1262 1393 1398 1407 1471 
1 60 66 71 141 145 198 260 290 292 305 341 374 394 489 533 540 567 574 584 586 617 632 666 712 714 758 877 886 906 940 989 1023 1025 1032 1040 1054 1092 1147 1210 1236 1297 1314 1333 1361 1380 1426 1440 1473 1479 1507 1537 
44 62 96 126 162 222 342 350 360 413 437 439 443 549 601 611 661 678 695 723 738 810 824 829 842 897 943 963 995 1036 1056 1062 1074 1105 1112 1124 1137 1146 1221 1307 1349 1367 1372 1377 1399 1401 1425 
59 70 78 159 185 264 287 405 416 453 485 556 635 659 739 771 776 786 792 809 896 913 915 930 984 1129 1135 1156 1166 1183 1213 1217 1232 1264 1322 1365 1378 1424 1452 1459 1512 
81 87 97 123 170 177 229 249 251 274 357 368 376 423 425 429 448 521 527 565 622 654 667 696 750 752 780 803 812 822 859 868 871 873 882 962 986 1009 1022 1044 1050 1060 1078 1108 1184 1265 1269 1272 1282 1289 1343 1366 1388 1404 1429 1446 1456 1463 1490 
2 12 40 42 61 65 101 118 176 203 266 271 275 298 325 334 351 359 369 372 421 424 435 450 468 481 486 507 558 562 581 650 710 741 808 830 893 917 924 927 975 1018 1030 1039 1043 1059 1091 1121 1123 1139 1142 1157 1191 1194 1200 1242 1295 1317 1356 1414 1421 1465 1536 
21 68 74 76 89 94 106 125 130 142 160 174 186 188 208 220 231 236 246 253 257 280 295 300 306 326 352 371 375 384 395 404 422 427 433 441 454 458 463 471 487 518 530 577 606 634 645 648 681 690 693 698 718 747 755 772 804 854 857 869 888 895 904 907 925 932 939 956 968 978 1004 1020 1045 1061 1076 1081 1099 1120 1179 1181 1216 1235 1237 1266 1285 1302 1344 1350 1360 1362 1402 1430 1436 1439 1468 1474 1483 1495 1499 
36 110 137 144 146 153 194 196 211 214 230 232 239 267 269 285 293 313 323 354 380 382 389 401 410 414 418 432 434 496 501 506 539 553 566 580 589 599 623 637 652 672 699 713 720 745 756 773 787 798 806 817 823 828 839 844 867 923 949 955 958 960 966 985 988 991 994 1005 1046 1071 1083 1088 1093 1096 1110 1119 1127 1130 1140 1198 1229 1233 1241 1257 1270 1292 1301 1354 1357 1376 1385 1403 1411 1413 1432 1461 1480 1486 1488 1510 1533 
8 16 20 28 43 57 84 91 93 99 103 105 114 117 121 127 150 165 172 179 182 187 195 206 209 223 241 250 259 265 276 283 332 347 355 373 383 386 402 419 444 446 452 459 476 488 502 512 531 537 550 557 564 572 579 591 602 608 614 627 636 656 658 663 671 674 683 685 691 704 715 740 749 760 762 766 769 783 791 795 815 819 833 836 841 843 849 851 894 903 919 935 946 951 954 1001 1011 1013 1016 1027 1038 1068 1085 1094 1103 1115 1117 1150 1158 1161 1164 1175 1178 1202 1207 1211 1255 1259 1268 1273 1276 1278 1281 1286 1290 1300 1324 1329 1355 1363 1370 1373 1375 1390 1392 1397 1408 1417 1438 1442 1460 1464 1484 1493 1497 1506 1516 1534 1538 1543 
4 7 11 13 17 19 35 39 49 63 69 75 79 90 111 132 134 136 138 143 148 157 166 217 219 228 237 242 245 247 263 273 281 301 307 310 314 318 327 329 331 333 338 343 381 385 387 393 396 400 403 407 409 411 428 431 438 455 465 482 498 500 509 515 526 529 534 536 545 547 551 560 563 571 583 593 598 605 613 618 628 643 660 665 670 679 684 687 689 708 716 731 733 746 763 765 770 775 782 784 788 797 801 807 834 853 855 862 878 881 891 900 905 912 926 938 950 969 971 974 976 982 992 1000 1003 1007 1026 1029 1034 1055 1058 1080 1086 1089 1100 1104 1125 1148 1151 1153 1155 1167 1169 1171 1173 1176 1186 1205 1230 1239 1244 1246 1263 1280 1288 1294 1299 1305 1315 1321 1323 1336 1338 1341 1347 1353 1368 1379 1389 1396 1412 1416 1427 1434 1451 1469 1472 1478 1481 1482 1485 1504 1513 1515 1523 1524 1542 
14 22 24 37 41 48 51 53 55 83 107 109 112 116 120 140 151 155 164 168 175 178 183 197 200 202 205 213 216 225 233 235 238 248 261 268 286 297 299 302 304 312 317 319 328 330 346 361 363 388 390 398 406 408 415 417 440 442 451 461 464 467 472 474 477 497 525 528 535 542 544 554 559 561 585 595 604 607 610 615 616 620 624 631 633 638 641 649 653 702 705 711 717 722 726 729 737 748 764 778 793 796 800 811 814 821 826 831 848 875 880 885 887 890 892 898 901 918 928 934 945 965 970 977 980 983 993 999 1051 1057 1063 1065 1070 1072 1077 1107 1109 1116 1128 1133 1138 1152 1160 1163 1165 1180 1182 1185 1189 1193 1201 1208 1212 1215 1218 1243 1245 1253 1261 1267 1298 1303 1309 1312 1316 1326 1328 1331 1340 1345 1348 1351 1359 1374 1381 1395 1406 1422 1431 1433 1441 1449 1453 1458 1475 1494 1500 1505 1508 1521 1522 1525 1532 1541 
6 10 23 27 30 32 45 52 58 64 67 72 86 88 92 98 100 113 119 122 133 135 152 156 158 169 190 193 207 221 227 234 243 252 254 258 270 277 279 282 288 291 296 308 337 340 345 349 353 362 364 367 379 392 397 399 412 420 445 449 457 473 475 483 490 495 503 505 508 510 517 519 522 532 552 568 575 578 582 588 594 597 600 609 612 621 626 642 644 651 655 657 668 673 675 677 680 686 688 701 709 721 724 730 753 757 759 768 774 777 785 790 794 805 818 832 838 840 847 850 852 856 860 863 866 870 884 911 916 921 933 937 941 944 948 953 957 964 967 987 990 996 1002 1010 1012 1019 1021 1028 1048 1053 1064 1066 1069 1075 1079 1084 1087 1090 1095 1097 1113 1131 1141 1145 1168 1172 1174 1177 1188 1190 1192 1195 1199 1203 1206 1220 1223 1225 1234 1238 1247 1249 1254 1284 1291 1296 1306 1308 1310 1313 1318 1320 1327 1334 1339 1364 1382 1387 1391 1394 1400 1410 1418 1420 1423 1428 1435 1444 1447 1454 1457 1466 1470 1477 1489 1491 1498 1501 1503 1519 1520 1527 1529 1531 1535 1539 
