14 31 53 56 61 73 77 82 87 107 109 119 135 139 143 171 181 206 219 228 244 253 256 279 288 292 305 324 337 347 351 370 384 394 400 405 425 453 466 495 548 554 585 633 644 654 666 696 752 759 767 784 788 805 826 833 841 846 849 864 917 921 924 929 934 938 947 958 976 1028 1030 1045 1064 1066 1076 1122 1134 1136 1144 1182 1189 1204 1218 1236 1241 1253 1255 1262 1266 1279 1284 1287 1291 1300 1314 1317 1346 1349 1377 1382 1414 1418 1425 1443 1452 1460 1464 1470 1489 1495 1514 
26 54 58 76 83 89 113 124 158 166 174 186 215 234 251 260 363 372 374 388 397 446 467 476 480 484 496 512 530 534 639 658 661 668 673 693 702 724 741 793 799 830 856 869 894 901 907 912 918 925 954 975 1013 1038 1047 1049 1054 1056 1079 1099 1141 1162 1168 1203 1210 1230 1259 1288 1313 1316 1342 1350 1358 1396 1427 1444 1458 1478 1480 1533 1534 
5 27 36 40 68 99 112 117 120 123 167 231 238 294 297 322 401 408 430 443 462 485 520 538 561 565 589 610 622 646 648 678 716 733 745 751 761 789 831 835 854 861 883 897 906 933 972 1025 1029 1039 1075 1081 1085 1090 1093 1143 1170 1180 1191 1212 1245 1257 1269 1272 1278 1282 1351 1373 1400 1411 1420 1429 1438 1505 1509 1511 1515 
51 81 85 129 152 155 164 173 235 259 266 285 331 356 389 399 431 437 458 519 544 564 576 578 611 636 649 660 664 671 719 748 758 765 771 774 781 819 878 922 949 951 965 979 982 987 1051 1068 1114 1146 1158 1172 1179 1214 1303 1326 1335 1353 1369 1384 1410 1431 1435 1455 1485 1491 1502 
7 9 12 29 145 170 175 177 193 208 212 270 302 333 367 415 417 435 442 517 531 541 547 551 566 575 612 617 635 641 729 732 739 743 817 821 839 900 905 953 963 1022 1059 1123 1128 1148 1150 1227 1340 1359 1391 1402 1405 1424 1436 1459 1466 1487 1536 
1 3 11 34 60 64 93 108 110 165 188 214 221 281 299 342 366 398 444 481 516 574 594 602 608 624 652 687 730 776 787 837 840 884 930 966 1000 1021 1071 1084 1098 1165 1228 1231 1293 1295 1304 1322 1327 1376 1445 
47 71 101 106 203 205 217 227 265 316 354 377 387 422 457 460 463 487 513 521 558 579 638 697 713 790 803 812 814 827 927 950 1003 1124 1130 1226 1270 1283 1299 1331 1362 1407 1463 1493 1496 1542 
13 23 41 74 137 190 197 202 232 249 269 287 295 311 329 336 338 355 393 410 427 451 455 483 489 526 528 537 546 556 562 572 623 645 737 746 768 825 848 853 858 860 895 981 998 1001 1005 1007 1011 1023 1105 1112 1115 1156 1178 1199 1201 1211 1246 1258 1261 1275 1347 1354 1392 1398 1409 1426 1462 1500 1525 
20 30 49 103 116 130 159 179 182 187 211 242 257 264 274 280 284 321 326 343 349 379 420 429 449 456 471 473 477 490 498 501 510 515 524 527 533 543 560 596 621 676 681 709 717 755 779 808 888 902 904 913 916 961 970 984 991 1017 1019 1032 1046 1050 1078 1083 1103 1129 1155 1160 1171 1209 1213 1239 1260 1268 1277 1285 1306 1345 1352 1440 1457 1467 1473 1516 
45 59 63 67 80 92 115 127 133 153 162 180 196 218 222 230 239 248 252 273 286 291 301 315 317 320 328 345 358 361 365 371 375 382 390 407 413 419 424 426 494 502 505 532 549 567 570 573 580 593 625 627 631 643 650 656 659 692 707 723 727 754 757 762 772 810 823 834 851 862 868 876 887 919 945 973 977 994 1010 1015 1031 1043 1072 1086 1089 1110 1117 1120 1137 1173 1183 1192 1196 1207 1216 1222 1225 1235 1238 1273 1290 1296 1310 1318 1321 1329 1334 1364 1393 1412 1437 1450 1456 1468 1479 1482 1486 1499 1512 
22 33 70 88 111 126 136 142 146 150 160 163 169 178 201 207 224 226 229 243 262 277 282 290 300 309 313 319 325 369 378 381 386 395 411 433 448 452 465 468 470 486 497 500 563 584 588 590 592 598 604 620 637 647 651 657 679 689 698 704 706 715 721 725 735 749 770 783 797 815 832 838 845 870 880 891 892 896 898 911 914 926 943 956 964 968 980 989 993 1002 1026 1034 1036 1058 1062 1092 1095 1101 1125 1139 1153 1161 1175 1184 1190 1194 1197 1233 1242 1248 1276 1292 1298 1305 1307 1320 1325 1328 1336 1344 1355 1372 1378 1381 1386 1389 1447 1461 1471 1475 1492 1494 1523 
2 19 38 48 52 62 78 84 94 96 104 121 125 128 131 140 154 156 184 191 198 216 240 246 268 275 298 303 306 312 318 323 327 340 344 350 359 383 396 402 404 409 414 416 438 474 479 493 499 504 508 518 523 529 545 550 582 591 599 613 615 616 628 630 642 662 672 674 677 680 690 700 703 705 722 726 728 731 736 750 778 780 794 796 802 806 824 843 847 850 863 867 872 875 879 882 886 899 932 936 948 955 960 967 971 985 990 992 997 1009 1018 1035 1048 1060 1063 1067 1073 1080 1091 1096 1102 1106 1109 1127 1133 1140 1147 1154 1157 1164 1166 1217 1221 1223 1232 1240 1243 1247 1250 1252 1264 1302 1309 1311 1338 1348 1356 1363 1366 1380 1385 1394 1397 1403 1417 1422 1439 1449 1453 1474 1476 1484 1498 1504 1506 1508 1517 1519 1522 1526 1539 1540 
16 17 32 35 37 39 42 44 57 65 66 69 72 79 86 91 97 102 114 134 138 144 148 161 172 189 192 194 199 204 210 213 223 225 236 254 267 271 278 283 289 293 296 308 334 346 353 357 392 403 436 439 441 445 450 459 461 472 482 488 491 503 506 509 514 535 540 552 555 557 569 571 581 587 600 603 605 607 614 618 626 653 663 667 669 683 685 688 691 695 699 701 710 712 714 734 738 744 760 763 766 775 782 786 792 795 798 801 804 809 811 816 818 820 829 836 842 855 866 871 874 881 885 890 909 923 928 937 940 942 944 946 952 959 969 974 996 1006 1008 1012 1016 1024 1027 1033 1037 1041 1044 1053 1057 1069 1082 1107 1111 1118 1131 1138 1145 1152 1159 1167 1174 1176 1181 1186 1188 1202 1206 1220 1224 1234 1254 1265 1271 1280 1286 1289 1297 1301 1312 1332 1339 1360 1368 1370 1374 1383 1388 1390 1395 1401 1404 1406 1415 1419 1421 1433 1448 1451 1454 1469 1472 1477 1481 1497 1503 1518 1520 1524 1528 1530 1532 1537 1538 1541 
4 6 8 10 15 18 21 24 25 28 43 46 50 55 75 90 95 98 100 105 118 122 132 141 147 149 151 157 168 176 183 185 195 200 209 220 233 237 241 245 247 250 255 258 261 263 272 276 304 307 310 314 330 332 335 339 341 348 352 360 362 364 368 373 376 380 385 391 406 412 418 421 423 428 432 434 440 447 454 464 469 475 478 492 507 511 522 525 536 539 542 553 559 568 577 583 586 595 597 601 606 609 619 629 632 634 640 655 665 670 675 682 684 686 694 708 711 718 720 740 742 747 753 756 764 769 773 777 785 791 800 807 813 822 828 844 852 857 859 865 873 877 889 893 903 908 910 915 920 931 935 939 941 957 962 978 983 986 988 995 999 1004 1014 1020 1040 1042 1052 1055 1061 1065 1070 1074 1077 1087 1088 1094 1097 1100 1104 1108 1113 1116 1119 1121 1126 1132 1135 1142 1149 1151 1163 1169 1177 1185 1187 1193 1195 1198 1200 1205 1208 1215 1219 1229 1237 1244 1249 1251 1256 1263 1267 1274 1281 1294 1308 1315 1319 1323 1324 1330 1333 1337 1341 1343 1357 1361 1365 1367 1371 1375 1379 1387 1399 1408 1413 1416 1423 1428 1430 1432 1434 1441 1442 1446 1465 1483 1488 1490 1501 1507 1510 1513 1521 1527 1529 1531 1535 1543 
