1 7 25 42 45 57 76 90 93 99 107 109 111 118 121 126 142 145 165 168 181 213 226 228 250 256 264 276 298 302 305 323 327 333 339 347 369 376 384 389 392 450 463 469 475 482 485 496 511 524 534 541 559 569 590 595 600 615 628 650 652 654 673 683 699 707 720 724 731 746 749 768 784 790 795 798 800 802 805 816 827 847 849 853 855 863 880 906 909 913 916 927 932 940 950 954 961 968 974 977 996 1010 1018 1027 1042 1054 1056 1059 1111 1115 1117 1126 1130 1139 1142 1146 1187 1193 1204 1224 1232 1235 1240 1249 1252 1256 1258 1261 1269 1302 1310 1317 1329 1333 1339 1352 1361 1367 1380 1409 1416 1424 1448 1476 1492 1502 1511 1514 
5 58 69 73 83 98 102 120 128 134 149 152 155 180 212 217 225 230 246 259 268 272 274 279 281 288 344 374 382 386 407 436 455 460 465 470 489 526 538 542 554 556 563 571 601 620 626 640 647 667 669 681 690 705 710 714 736 740 763 778 782 786 836 848 850 861 872 879 882 887 937 944 947 953 962 971 997 1043 1046 1048 1051 1060 1062 1118 1121 1145 1149 1151 1159 1168 1171 1197 1200 1215 1222 1229 1246 1259 1267 1270 1289 1293 1300 1319 1323 1338 1345 1353 1374 1386 1396 1429 1461 1465 1480 1483 1487 1489 1508 
2 35 44 51 59 71 147 153 174 190 194 205 227 237 239 247 257 260 269 273 330 350 368 396 399 411 420 432 441 478 492 500 529 543 547 552 560 575 598 602 604 624 633 656 671 675 678 693 701 708 728 737 755 757 760 780 785 804 845 883 894 908 935 958 981 989 1055 1065 1102 1108 1153 1176 1189 1207 1221 1223 1231 1266 1274 1292 1320 1324 1331 1336 1349 1359 1362 1372 1381 1393 1407 1419 1439 1443 1445 1449 1463 1471 1478 1496 1504 1512 
62 67 72 80 87 103 137 188 216 270 295 306 353 365 383 395 402 439 456 480 528 530 548 579 630 645 663 682 718 742 750 810 815 820 829 831 843 892 897 923 926 930 945 948 972 975 990 1022 1036 1039 1057 1077 1080 1095 1112 1114 1136 1161 1163 1214 1225 1244 1275 1291 1354 1364 1389 1400 1406 1408 1413 1422 1457 1474 1509 1527 1528 
3 6 53 74 85 130 136 157 162 179 185 198 208 234 249 254 271 285 316 318 320 322 332 354 363 377 410 422 424 433 474 493 508 519 532 545 574 577 592 607 622 659 664 697 712 725 791 828 857 874 901 924 938 952 955 983 999 1002 1066 1069 1086 1105 1125 1157 1174 1226 1237 1241 1247 1264 1358 1365 1382 1411 1414 1435 1467 1505 1517 1519 1530 
12 14 50 61 66 77 129 175 201 204 207 218 223 275 310 324 334 351 358 370 415 429 437 445 483 486 503 515 517 546 551 570 572 582 603 618 653 685 702 716 732 788 808 846 878 899 910 919 979 984 1007 1009 1014 1031 1050 1063 1097 1141 1208 1273 1315 1373 1378 1383 1391 1403 1441 1452 1455 1500 1507 1516 1534 1540 
4 8 17 19 40 56 64 81 97 122 133 135 139 187 192 203 222 229 253 292 299 303 345 362 375 378 380 400 413 421 443 454 472 507 514 521 535 587 597 599 605 611 658 692 700 703 715 721 734 767 773 781 793 811 824 840 862 866 885 912 934 942 949 965 994 1003 1032 1037 1044 1073 1087 1128 1133 1138 1143 1155 1190 1217 1233 1243 1253 1268 1281 1285 1296 1311 1318 1327 1335 1344 1348 1432 1438 1446 1453 1458 1491 1503 1510 1524 
22 31 33 36 68 86 95 104 113 115 151 164 167 173 178 182 196 200 202 210 215 220 243 277 280 282 290 328 337 357 361 366 371 388 390 394 405 408 426 451 462 471 479 487 501 516 549 553 580 609 614 637 651 661 680 688 698 704 730 735 751 753 758 777 783 807 809 821 832 834 854 876 889 891 903 905 925 931 967 987 991 1000 1004 1006 1021 1029 1034 1038 1052 1070 1088 1094 1116 1119 1122 1132 1165 1179 1196 1198 1206 1210 1213 1228 1260 1272 1280 1282 1287 1290 1294 1304 1332 1350 1357 1363 1369 1377 1379 1394 1398 1402 1428 1450 1482 1484 1486 1493 1497 1515 1539 
15 21 24 28 38 41 43 47 54 75 84 88 91 101 105 117 132 148 150 159 171 183 191 193 195 206 209 241 251 258 261 263 278 283 293 304 307 309 312 315 321 326 336 340 359 379 391 403 416 428 434 440 446 449 457 459 466 484 495 498 504 509 520 523 531 539 555 557 561 565 567 576 584 589 593 612 623 632 635 638 641 644 646 649 670 676 687 719 722 729 747 752 766 774 797 801 819 822 838 844 858 868 870 873 895 904 911 915 917 920 929 986 992 1012 1015 1017 1020 1024 1028 1033 1035 1041 1058 1076 1078 1083 1085 1089 1091 1101 1104 1107 1109 1120 1135 1152 1154 1166 1169 1172 1177 1183 1185 1195 1202 1211 1216 1219 1239 1263 1277 1286 1295 1298 1301 1306 1330 1343 1356 1366 1368 1371 1376 1385 1387 1423 1437 1444 1466 1470 1481 1490 1495 1499 1501 1520 1523 
10 13 18 20 23 27 29 32 39 49 63 65 79 89 94 96 110 112 114 116 123 125 131 140 143 144 146 158 160 169 177 211 214 221 224 232 236 238 242 244 266 286 289 294 296 300 313 317 331 338 342 348 355 360 364 367 373 381 385 387 393 397 409 412 417 419 431 438 442 444 447 453 458 461 464 467 476 488 491 494 506 510 513 518 522 525 537 544 566 573 586 591 596 608 617 619 621 625 629 634 639 643 662 666 684 689 694 696 711 713 717 726 738 744 759 761 764 770 772 775 779 787 789 792 794 796 813 817 825 837 839 842 851 852 856 859 864 867 871 875 881 886 890 893 900 902 922 928 936 946 951 957 960 964 969 973 980 982 985 1016 1023 1026 1040 1045 1047 1053 1064 1067 1072 1075 1082 1090 1092 1098 1100 1110 1124 1127 1134 1148 1156 1160 1162 1167 1170 1180 1182 1184 1186 1192 1194 1203 1209 1218 1230 1242 1245 1251 1255 1276 1278 1284 1288 1297 1299 1303 1305 1308 1313 1322 1326 1341 1347 1355 1370 1390 1399 1404 1412 1415 1418 1421 1425 1427 1431 1434 1436 1440 1442 1451 1460 1469 1473 1479 1494 1498 1521 1525 1526 1529 1533 1535 1536 1538 1541 1543 
9 11 16 26 30 34 37 46 48 52 55 60 70 78 82 92 100 106 108 119 124 127 138 141 154 156 161 163 166 170 172 176 184 186 189 197 199 219 231 233 235 240 245 248 252 255 262 265 267 284 287 291 297 301 308 311 314 319 325 329 335 341 343 346 349 352 356 372 398 401 404 406 414 418 423 425 427 430 435 448 452 468 473 477 481 490 497 499 502 505 512 527 533 536 540 550 558 562 564 568 578 581 583 585 588 594 606 610 613 616 627 631 636 642 648 655 657 660 665 668 672 674 677 679 686 691 695 706 709 723 727 733 739 741 743 745 748 754 756 762 765 769 771 776 799 803 806 812 814 818 823 826 830 833 835 841 860 865 869 877 884 888 896 898 907 914 918 921 933 939 941 943 956 959 963 966 970 976 978 988 993 995 998 1001 1005 1008 1011 1013 1019 1025 1030 1049 1061 1068 1071 1074 1079 1081 1084 1093 1096 1099 1103 1106 1113 1123 1129 1131 1137 1140 1144 1147 1150 1158 1164 1173 1175 1178 1181 1188 1191 1199 1201 1205 1212 1220 1227 1234 1236 1238 1248 1250 1254 1257 1262 1265 1271 1279 1283 1307 1309 1312 1314 1316 1321 1325 1328 1334 1337 1340 1342 1346 1351 1360 1375 1384 1388 1392 1395 1397 1401 1405 1410 1417 1420 1426 1430 1433 1447 1454 1456 1459 1462 1464 1468 1472 1475 1477 1485 1488 1506 1513 1518 1522 1531 1532 1537 1542 
