26 39 48 50 63 80 85 94 122 137 154 171 180 207 228 254 257 330 348 356 360 374 386 398 407 412 440 489 511 521 531 577 580 588 602 627 669 713 717 762 771 778 829 844 861 866 875 890 928 933 952 1010 1012 1024 1029 1031 1062 1073 1077 1106 1147 1176 1178 1211 1234 1252 1266 1269 1286 1334 1372 1384 1394 1399 1410 1420 1443 1447 1458 1462 1465 1468 1477 1499 1524 
8 10 34 45 54 109 115 146 148 159 223 272 276 286 297 306 318 333 366 383 388 390 395 400 485 504 507 510 534 553 578 601 653 661 676 698 710 752 812 847 872 882 896 903 914 977 981 1005 1013 1018 1065 1091 1118 1136 1195 1208 1238 1249 1256 1265 1301 1317 1336 1348 1356 1386 1390 1402 1413 1494 1506 
14 57 71 82 91 103 168 172 200 221 231 264 289 292 299 309 312 336 342 345 378 392 416 421 459 470 475 480 508 512 528 540 545 562 582 593 605 624 630 650 656 692 711 718 726 743 781 804 842 898 920 943 957 968 973 991 1006 1016 1023 1038 1059 1089 1095 1115 1140 1166 1188 1199 1204 1222 1230 1242 1260 1280 1295 1303 1315 1340 1351 1354 1404 1415 1428 1436 1442 1461 1496 1498 1505 1515 1537 
4 37 49 77 169 191 201 248 274 410 417 446 463 482 490 535 557 604 606 612 620 642 649 706 722 792 798 806 835 854 859 900 905 916 919 1003 1011 1040 1047 1060 1157 1205 1258 1324 1343 1407 1430 1451 1464 1479 
43 55 110 112 134 140 157 161 164 193 259 266 304 363 393 408 450 502 505 526 559 564 569 574 748 754 756 782 801 839 868 960 962 984 996 999 1090 1110 1144 1168 1171 1273 1292 1298 1371 1408 
22 62 72 87 90 99 105 188 216 365 413 473 567 611 617 628 732 776 796 814 826 893 906 953 980 983 986 1036 1067 1084 1121 1272 1310 1337 1406 1453 1490 
151 243 249 288 321 340 355 445 456 465 487 498 516 598 614 631 641 690 700 724 736 760 769 774 845 850 901 908 911 925 942 970 1072 1096 1120 1187 1189 1254 1262 1274 1291 1305 1326 1445 1463 1488 1511 1528 1541 
70 79 81 107 210 233 240 265 325 332 380 382 387 468 471 500 515 550 635 638 647 660 703 705 714 747 764 779 785 821 833 878 979 1056 1064 1071 1085 1088 1123 1197 1209 1243 1247 1263 1267 1366 1378 1396 1411 1414 1478 1510 1519 1540 1543 
31 41 86 113 184 234 242 245 252 258 270 278 313 323 339 344 391 402 454 462 467 518 529 583 682 745 777 832 843 851 865 874 887 892 961 989 1052 1054 1112 1153 1173 1219 1241 1276 1289 1304 1321 1377 1392 1427 1474 1483 1491 1523 
17 29 44 76 100 106 133 136 194 196 199 205 214 246 260 262 322 335 351 369 371 381 394 401 415 436 539 542 547 560 584 591 594 621 623 640 654 665 668 684 687 697 768 794 825 846 858 864 937 945 958 966 969 987 1001 1022 1033 1045 1063 1069 1087 1093 1099 1102 1105 1114 1116 1122 1125 1148 1151 1158 1163 1192 1194 1221 1225 1228 1271 1278 1288 1290 1313 1333 1358 1389 1401 1417 1421 1424 1426 1444 1448 1469 1504 1521 1539 
27 33 47 60 74 108 126 129 141 176 179 183 187 189 195 206 212 236 247 256 283 310 315 331 341 343 359 379 420 423 427 435 437 442 448 478 495 532 537 538 548 592 600 616 626 639 643 657 663 672 680 689 694 699 709 725 731 759 786 789 795 797 805 816 823 831 860 883 885 889 895 910 926 931 938 955 994 1014 1050 1058 1066 1079 1083 1104 1129 1132 1134 1137 1142 1156 1170 1180 1183 1200 1216 1233 1245 1246 1250 1253 1257 1268 1282 1327 1345 1352 1357 1360 1365 1381 1383 1419 1434 1437 1439 1455 1473 1481 1485 1492 1527 1533 
5 24 35 46 52 59 69 75 83 92 96 104 119 128 130 142 158 163 165 222 225 235 237 261 267 279 282 285 295 298 308 327 346 350 353 362 368 370 384 399 404 414 425 428 432 469 476 479 481 483 486 497 514 530 533 552 563 568 571 575 576 586 596 599 609 619 634 648 670 701 704 712 721 727 729 738 755 758 763 766 783 788 790 799 810 813 815 818 824 840 848 857 863 870 877 884 894 913 941 948 950 965 972 976 1004 1008 1019 1025 1028 1030 1034 1037 1075 1081 1100 1124 1126 1130 1133 1152 1154 1159 1161 1167 1174 1185 1213 1236 1239 1255 1270 1283 1297 1306 1312 1320 1329 1339 1349 1355 1362 1423 1438 1450 1452 1456 1466 1470 1472 1476 1480 1497 1520 1522 1531 
6 7 12 19 25 28 30 42 58 61 78 84 89 93 98 116 120 135 152 155 167 170 177 181 186 190 202 213 218 227 232 238 251 255 275 277 280 290 294 300 303 347 354 358 373 377 385 389 397 406 430 434 444 452 455 461 464 466 472 493 499 522 524 541 549 556 558 566 570 585 587 590 615 618 633 637 644 646 651 664 666 675 693 707 716 730 734 737 740 742 744 750 765 773 775 791 793 809 811 819 837 841 862 869 904 918 921 927 934 936 947 949 963 992 995 1002 1009 1015 1027 1048 1061 1074 1078 1082 1097 1103 1107 1109 1111 1138 1141 1160 1162 1182 1186 1190 1193 1206 1210 1212 1214 1218 1220 1224 1232 1235 1277 1294 1300 1314 1318 1322 1325 1328 1338 1342 1370 1373 1375 1380 1385 1388 1393 1397 1403 1418 1422 1429 1431 1446 1449 1454 1487 1501 1503 1507 1513 1525 1534 1542 
1 9 13 15 20 36 38 53 65 67 73 95 102 117 121 123 125 127 131 138 143 144 150 173 175 182 185 192 198 204 208 217 219 229 241 250 253 263 268 271 273 284 301 305 314 317 320 326 328 338 364 376 396 418 424 438 443 449 451 458 474 484 492 496 501 509 517 520 543 546 551 555 561 565 573 579 597 607 622 629 632 636 659 673 678 681 683 685 688 691 696 702 719 733 735 741 749 757 761 784 802 807 820 827 830 834 838 853 856 876 880 888 897 902 907 912 922 924 929 930 932 939 944 954 956 967 975 988 990 998 1000 1017 1021 1032 1041 1043 1046 1051 1053 1055 1068 1098 1113 1117 1119 1127 1128 1131 1143 1145 1150 1164 1175 1179 1181 1196 1198 1202 1217 1223 1226 1231 1240 1244 1248 1264 1285 1293 1299 1307 1309 1311 1319 1323 1331 1341 1346 1367 1369 1374 1376 1387 1395 1398 1400 1405 1432 1441 1457 1460 1475 1484 1486 1493 1495 1509 1517 1532 1536 
2 3 11 16 18 21 23 32 40 51 56 64 66 68 88 97 101 111 114 118 124 132 139 145 147 149 153 156 160 162 166 174 178 197 203 209 211 215 220 224 226 230 239 244 269 281 287 291 293 296 302 307 311 316 319 324 329 334 337 349 352 357 361 367 372 375 403 405 409 411 419 422 426 429 431 433 439 441 447 453 457 460 477 488 491 494 503 506 513 519 523 525 527 536 544 554 572 581 589 595 603 608 610 613 625 645 652 655 658 662 667 671 674 677 679 686 695 708 715 720 723 728 739 746 751 753 767 770 772 780 787 800 803 808 817 822 828 836 849 852 855 867 871 873 879 881 886 891 899 909 915 917 923 935 940 946 951 959 964 971 974 978 982 985 993 997 1007 1020 1026 1035 1039 1042 1044 1049 1057 1070 1076 1080 1086 1092 1094 1101 1108 1135 1139 1146 1149 1155 1165 1169 1172 1177 1184 1191 1201 1203 1207 1215 1227 1229 1237 1251 1259 1261 1275 1279 1281 1284 1287 1296 1302 1308 1316 1330 1332 1335 1344 1347 1350 1353 1359 1361 1363 1364 1368 1379 1382 1391 1409 1412 1416 1425 1433 1435 1440 1459 1467 1471 1482 1489 1500 1502 1508 1512 1514 1516 1518 1526 1529 1530 1535 1538 
