24 41 77 120 141 171 227 231 248 275 282 317 343 345 348 350 408 413 449 466 473 499 521 659 720 727 738 763 782 806 840 887 929 947 954 1001 1004 1025 1054 1077 1086 1104 1111 1156 1178 1184 1190 1221 1240 1256 1271 1289 1360 1369 1380 1405 1417 1423 1436 
36 58 64 68 95 131 200 220 246 267 283 312 320 325 337 381 430 448 451 476 506 595 598 685 730 747 756 766 777 781 910 927 985 996 1003 1021 1050 1074 1092 1123 1135 1141 1160 1165 1172 1209 1217 1233 1236 1245 1302 1311 1401 1472 1474 1486 1516 
3 37 71 93 163 176 295 330 339 357 410 441 455 463 469 489 593 631 657 677 752 798 802 820 832 847 874 898 917 1016 1035 1080 1097 1118 1130 1143 1347 1395 1448 1463 1473 
67 79 124 204 209 225 268 353 368 453 529 579 581 591 599 660 864 944 957 1029 1091 1096 1114 1197 1225 1239 1241 1266 1294 1304 1307 1327 1357 1374 1407 1450 1493 1517 
97 102 143 184 239 242 260 366 383 442 483 512 558 573 576 585 634 640 675 718 733 791 808 815 876 899 903 911 1018 1033 1044 1085 1122 1146 1274 1312 1367 1430 1467 
34 46 101 146 157 175 189 206 236 284 304 332 421 434 465 471 486 562 606 665 724 735 740 783 794 810 824 828 892 908 964 1006 1090 1142 1273 1291 1325 1329 1387 1451 1461 
164 168 218 359 364 398 504 513 555 667 670 704 737 780 796 841 943 987 1034 1039 1061 1067 1269 1275 1340 1359 1453 1465 
91 114 140 169 258 361 414 460 575 609 613 656 692 800 804 819 830 850 869 913 940 976 983 1010 1094 1110 1237 1316 1341 1457 
75 127 138 190 197 233 290 305 328 338 379 382 386 544 570 582 648 772 788 836 919 931 936 1161 1222 1243 1400 1456 1527 1529 
9 82 217 219 251 263 280 294 321 335 422 445 501 505 603 615 616 642 758 785 843 859 921 1023 1026 1071 1093 1116 1199 1250 1253 1382 1384 1409 1502 1540 
5 62 133 149 199 333 457 475 495 567 668 679 807 842 856 918 928 939 950 1017 1060 1134 1149 1164 1200 1227 1246 1252 1254 1258 1262 1313 1346 1425 1434 
7 28 49 70 72 98 107 150 182 192 198 214 234 256 349 360 362 385 396 418 427 482 502 518 566 608 626 650 701 725 862 873 875 894 906 979 999 1059 1062 1069 1082 1108 1126 1139 1159 1220 1235 1251 1282 1319 1336 1362 1377 1408 1426 1497 1501 1521 1522 1538 
11 18 45 99 118 187 274 278 293 310 394 462 484 497 507 509 539 563 596 605 628 649 652 663 686 690 709 712 717 743 745 748 767 818 860 904 925 949 955 958 1015 1028 1032 1053 1064 1075 1100 1112 1166 1168 1211 1218 1272 1280 1297 1318 1350 1370 1396 1422 1469 1481 1525 
1 26 29 31 108 113 145 151 159 178 201 212 265 302 306 372 375 397 407 424 428 438 444 485 488 494 519 536 543 549 565 574 624 627 635 643 694 711 714 784 787 792 797 801 821 854 895 961 975 980 989 992 1000 1009 1036 1038 1041 1045 1102 1109 1113 1119 1128 1136 1170 1192 1194 1196 1214 1247 1264 1279 1283 1295 1309 1334 1356 1363 1372 1378 1391 1406 1415 1429 1441 1442 1459 1478 1480 1495 1507 1509 1511 1514 1531 1534 1543 
6 19 30 43 56 59 126 130 155 193 237 240 273 299 307 314 316 326 388 390 426 464 479 490 492 508 514 522 534 537 584 588 601 661 664 671 673 682 705 708 716 719 734 742 769 773 775 812 837 886 897 901 912 923 942 959 974 1005 1008 1022 1027 1037 1056 1089 1095 1103 1105 1124 1188 1204 1213 1215 1224 1230 1257 1277 1301 1303 1315 1324 1351 1379 1392 1428 1458 1470 1476 1482 1489 1500 1505 1519 1539 1542 
27 40 44 53 61 73 76 84 88 104 110 129 134 137 139 160 166 172 195 203 216 222 229 241 250 285 287 319 329 340 351 371 387 393 401 406 417 420 437 443 458 472 525 531 535 538 542 553 557 580 590 602 646 651 654 696 700 755 759 764 779 793 805 816 838 846 866 877 880 889 902 937 971 982 986 994 1007 1013 1031 1040 1078 1081 1083 1098 1125 1151 1154 1179 1183 1185 1203 1229 1234 1248 1284 1296 1321 1328 1330 1333 1344 1348 1352 1358 1376 1390 1393 1404 1414 1420 1437 1446 1475 1484 1508 1532 
13 32 42 50 65 78 86 90 92 100 105 112 115 122 144 154 174 180 183 208 221 245 249 252 254 269 272 277 279 298 301 324 331 334 341 356 369 384 391 403 405 439 446 467 470 477 500 503 516 527 530 532 550 559 583 614 620 625 632 658 680 683 695 713 715 726 728 750 761 765 799 809 822 826 829 885 890 907 916 935 951 966 973 978 981 990 997 1002 1019 1046 1052 1063 1066 1076 1101 1131 1147 1173 1176 1193 1195 1202 1223 1226 1232 1238 1260 1267 1286 1338 1345 1354 1364 1371 1388 1398 1402 1412 1421 1432 1444 1454 1464 1471 1488 1492 1499 1536 
2 4 14 16 17 22 38 48 57 60 69 83 85 106 119 128 136 153 158 161 173 188 205 210 223 230 235 238 257 262 266 291 296 300 303 309 313 315 322 327 347 358 373 376 389 395 415 431 433 436 440 474 478 493 511 517 528 541 546 552 554 561 569 577 587 611 619 623 629 636 638 644 653 666 688 698 703 710 721 731 753 786 790 813 817 831 834 851 852 867 879 883 905 915 932 946 948 953 960 967 984 995 1012 1049 1058 1073 1084 1117 1138 1145 1162 1171 1175 1182 1187 1191 1198 1207 1210 1242 1261 1263 1268 1278 1285 1287 1299 1306 1310 1314 1320 1322 1331 1349 1365 1373 1375 1381 1397 1419 1435 1439 1449 1452 1468 1485 1487 1494 1496 1503 1541 
8 10 15 21 23 25 39 51 55 74 80 116 121 123 135 142 148 152 165 181 186 194 196 202 207 211 213 215 224 232 243 271 276 286 288 292 323 336 342 354 367 374 377 392 399 402 404 411 419 423 447 452 454 456 459 461 468 481 498 515 520 524 526 545 548 572 586 589 597 600 604 607 610 618 621 633 662 669 674 676 678 681 684 687 697 707 722 729 732 736 739 741 744 746 749 751 768 771 795 803 814 825 833 845 849 857 861 863 868 870 872 881 884 888 893 914 922 926 930 934 952 956 963 968 998 1011 1014 1020 1030 1042 1048 1079 1087 1106 1115 1121 1129 1133 1137 1144 1152 1158 1163 1167 1180 1189 1212 1231 1255 1259 1276 1281 1288 1292 1305 1308 1317 1323 1326 1335 1339 1342 1368 1383 1385 1389 1394 1399 1411 1413 1416 1427 1431 1443 1445 1455 1466 1477 1479 1490 1510 1513 1515 1520 1523 1526 1530 1533 1535 
12 20 33 35 47 52 54 63 66 81 87 89 94 96 103 109 111 117 125 132 147 156 162 167 170 177 179 185 191 226 228 244 247 253 255 259 261 264 270 281 289 297 308 311 318 344 346 352 355 363 365 370 378 380 400 409 412 416 425 429 432 435 450 480 487 491 496 510 523 533 540 547 551 556 560 564 568 571 578 592 594 612 617 622 630 637 639 641 645 647 655 672 689 691 693 699 702 706 723 754 757 760 762 770 774 776 778 789 811 823 827 835 839 844 848 853 855 858 865 871 878 882 891 896 900 909 920 924 933 938 941 945 962 965 969 970 972 977 988 991 993 1024 1043 1047 1051 1055 1057 1065 1068 1070 1072 1088 1099 1107 1120 1127 1132 1140 1148 1150 1153 1155 1157 1169 1174 1177 1181 1186 1201 1205 1206 1208 1216 1219 1228 1244 1249 1265 1270 1290 1293 1298 1300 1332 1337 1343 1353 1355 1361 1366 1386 1403 1410 1418 1424 1433 1438 1440 1447 1460 1462 1483 1491 1498 1504 1506 1512 1518 1524 1528 1537 
