5 13 16 17 23 59 108 138 154 166 199 305 327 368 432 441 462 467 492 529 548 560 589 595 624 627 638 642 679 691 701 713 732 749 752 780 802 809 835 845 861 871 878 913 951 986 1031 1043 1045 1059 1063 1079 1101 1132 1156 1163 1173 1234 1241 1249 1255 1264 1299 1302 1322 1347 1366 1379 1389 1403 1415 1431 1440 1446 1453 1464 1476 
28 95 122 147 202 213 218 240 250 259 268 311 313 315 317 345 360 374 390 409 422 439 481 486 494 512 583 602 608 639 686 730 739 753 774 785 799 831 841 862 873 890 899 970 973 978 1014 1027 1107 1122 1204 1243 1251 1270 1303 1308 1329 1336 1357 1439 1449 1455 1460 1473 1483 1504 1509 
2 4 26 36 67 81 130 135 158 182 190 208 234 254 270 292 318 321 328 353 363 381 392 426 497 538 545 551 554 563 571 644 674 702 771 776 786 812 864 883 905 909 918 929 940 955 974 1007 1018 1030 1040 1056 1081 1091 1114 1147 1190 1196 1209 1220 1283 1345 1356 1399 1404 1435 1454 1477 1490 1508 1520 
38 46 127 148 196 203 221 228 245 341 366 386 603 617 620 633 637 670 707 711 761 843 869 877 895 936 966 990 1022 1074 1124 1129 1219 1238 1253 1271 1312 1314 1372 1401 1438 1461 
7 31 99 132 168 189 230 301 320 356 372 407 419 473 496 593 600 606 611 676 704 736 764 832 894 904 956 1003 1058 1077 1153 1155 1188 1223 1258 1273 1277 1281 1292 1331 1337 1478 
75 77 102 110 136 161 186 388 416 443 501 509 525 527 570 722 754 789 914 981 987 1025 1068 1084 1130 1138 1152 1195 1217 1240 1261 1267 1328 1333 1383 1407 1433 1436 1457 1471 1512 
9 63 338 450 482 503 550 632 669 699 710 725 775 829 947 997 1009 1078 1134 1170 1275 1293 1295 1301 1317 1349 1409 1466 1468 1488 
19 43 62 68 103 219 282 351 405 569 575 582 597 664 690 708 740 756 880 897 979 995 1208 1287 1429 1487 1515 
12 15 21 117 145 151 173 195 210 241 277 280 304 370 433 448 499 524 534 546 591 652 683 719 728 811 848 900 921 945 952 1060 1087 1120 1142 1148 1158 1230 1274 1285 1309 1321 1380 1423 1465 
22 71 96 205 233 237 242 289 324 339 349 355 358 367 377 428 435 452 477 495 504 520 532 607 619 656 694 723 772 820 844 846 853 859 888 926 968 1019 1037 1049 1066 1071 1088 1098 1126 1145 1178 1242 1262 1352 1360 1416 1426 1459 1480 1501 1543 
60 64 112 121 126 134 143 214 223 225 231 236 238 244 252 290 294 335 380 411 415 438 460 491 530 549 556 573 577 585 655 657 661 665 681 706 744 794 866 893 896 943 960 962 964 996 1012 1075 1082 1105 1146 1166 1194 1226 1268 1289 1310 1338 1343 1386 1402 1406 1410 1456 1489 1498 1539 
41 48 55 74 84 104 109 115 118 137 141 152 164 172 197 247 266 269 295 323 330 336 343 347 391 394 397 403 413 423 440 445 472 474 476 502 505 511 522 565 579 592 612 635 650 658 715 721 733 735 745 768 777 788 819 822 833 856 885 892 907 934 941 954 963 991 1002 1015 1053 1095 1097 1103 1125 1141 1169 1176 1182 1202 1211 1227 1239 1304 1315 1351 1361 1367 1371 1381 1397 1412 1434 1462 1484 1491 1517 1527 1530 1535 
6 10 50 72 78 80 82 87 92 97 100 106 125 144 160 170 174 179 187 198 217 220 243 255 273 298 308 319 334 340 344 346 352 395 401 404 408 417 425 429 451 470 483 487 507 516 557 559 567 578 581 584 586 594 604 610 628 630 641 646 653 663 688 743 748 801 805 823 838 884 902 930 948 967 972 993 999 1010 1013 1020 1029 1041 1065 1076 1085 1092 1104 1109 1111 1113 1139 1160 1175 1180 1187 1213 1225 1236 1247 1259 1288 1326 1340 1358 1368 1374 1382 1396 1418 1424 1432 1452 1475 1479 1485 1500 1502 1511 1540 
3 29 34 40 47 52 88 116 124 129 131 133 155 176 180 184 200 207 211 222 227 232 258 260 264 275 325 361 375 383 387 389 393 398 424 442 444 459 466 485 488 510 513 519 521 541 544 555 568 572 576 587 599 601 609 613 631 645 659 662 672 675 693 697 709 716 724 741 760 773 782 793 797 807 810 814 816 839 851 858 863 865 867 875 881 911 916 919 923 931 935 939 946 957 961 984 1016 1036 1046 1051 1073 1090 1093 1115 1118 1127 1128 1143 1149 1151 1184 1193 1205 1207 1216 1222 1229 1232 1235 1252 1265 1278 1282 1284 1335 1341 1355 1363 1365 1388 1392 1398 1408 1414 1417 1420 1430 1442 1447 1451 1467 1472 1481 1495 1497 1510 1526 
1 14 25 32 35 37 39 45 54 66 79 86 89 91 111 113 140 142 156 159 162 169 175 177 192 206 224 226 249 257 272 276 279 284 287 291 293 296 299 302 307 309 314 329 357 362 365 371 373 384 396 399 410 421 437 446 454 456 463 468 479 489 515 518 523 528 536 539 553 580 588 590 614 634 649 651 666 668 680 685 687 696 717 731 738 746 755 759 762 765 767 770 781 783 790 800 818 824 826 849 854 857 868 870 872 887 925 928 937 942 950 959 989 992 1005 1011 1021 1026 1033 1062 1067 1069 1083 1096 1100 1131 1144 1157 1162 1164 1167 1172 1181 1198 1200 1214 1237 1244 1250 1257 1260 1272 1286 1291 1294 1306 1316 1319 1325 1330 1353 1362 1376 1378 1385 1394 1405 1411 1413 1422 1427 1443 1448 1450 1458 1503 1506 1513 1516 1522 1524 1529 1538 
20 24 27 30 33 42 44 51 53 57 65 70 73 94 101 120 123 128 139 146 149 153 178 181 194 204 212 215 248 253 256 262 265 267 271 286 303 322 332 337 348 350 379 382 400 414 418 427 431 434 436 447 455 458 464 469 478 484 493 506 508 531 540 543 552 562 566 574 598 622 626 636 643 648 654 660 671 677 689 692 698 712 718 727 737 742 750 757 766 769 778 787 791 795 798 803 815 828 836 847 852 860 874 882 891 898 910 915 917 920 927 933 944 958 965 969 971 976 983 994 1000 1004 1017 1024 1028 1035 1038 1047 1052 1054 1061 1070 1072 1080 1089 1099 1108 1116 1133 1135 1137 1150 1159 1161 1179 1185 1192 1206 1210 1212 1215 1218 1221 1224 1231 1245 1276 1280 1296 1298 1305 1313 1318 1327 1344 1348 1364 1369 1373 1375 1390 1393 1395 1421 1428 1437 1441 1445 1463 1470 1492 1494 1496 1505 1514 1518 1523 1531 1533 1536 
8 11 18 49 56 58 61 69 76 83 85 90 93 98 105 107 114 119 150 157 163 165 167 171 183 185 188 191 193 201 209 216 229 235 239 246 251 261 263 274 278 281 283 285 288 297 300 306 310 312 316 326 331 333 342 354 359 364 369 376 378 385 402 406 412 420 430 449 453 457 461 465 471 475 480 490 498 500 514 517 526 533 535 537 542 547 558 561 564 596 605 615 616 618 621 623 625 629 640 647 667 673 678 682 684 695 700 703 705 714 720 726 729 734 747 751 758 763 779 784 792 796 804 806 808 813 817 821 825 827 830 834 837 840 842 850 855 876 879 886 889 901 903 906 908 912 922 924 932 938 949 953 975 977 980 982 985 988 998 1001 1006 1008 1023 1032 1034 1039 1042 1044 1048 1050 1055 1057 1064 1086 1094 1102 1106 1110 1112 1117 1119 1121 1123 1136 1140 1154 1165 1168 1171 1174 1177 1183 1186 1189 1191 1197 1199 1201 1203 1228 1233 1246 1248 1254 1256 1263 1266 1269 1279 1290 1297 1300 1307 1311 1320 1323 1324 1332 1334 1339 1342 1346 1350 1354 1359 1370 1377 1384 1387 1391 1400 1419 1425 1444 1469 1474 1482 1486 1493 1499 1507 1519 1521 1525 1528 1532 1534 1537 1541 1542 
