10 33 88 122 171 197 200 236 252 276 289 326 335 348 352 
20 41 49 118 132 188 219 279 295 301 308 349 
99 107 139 174 191 211 255 264 293 296 319 
3 12 44 66 106 154 187 240 247 256 267 277 311 325 332 336 362 
34 85 146 179 299 355 
9 46 82 138 221 309 
4 79 196 222 232 235 364 
7 40 58 98 120 134 201 246 250 333 340 
6 36 61 83 103 182 185 288 290 304 314 334 
18 22 38 93 100 111 164 227 371 
24 31 39 56 71 92 130 147 169 202 213 217 228 262 269 271 305 307 342 344 359 
5 13 26 29 105 110 161 189 193 195 204 234 253 259 273 354 363 
11 16 43 60 72 75 115 128 168 184 207 226 229 272 282 322 347 356 360 366 
14 23 28 30 50 53 55 65 67 78 116 124 135 152 155 157 160 192 208 224 230 238 241 243 249 284 292 294 341 343 350 
63 76 87 91 104 113 117 143 150 158 167 175 177 194 203 205 209 245 251 258 266 268 275 278 280 285 303 312 318 324 328 339 346 357 361 
1 45 47 52 57 59 69 74 81 84 94 96 101 108 112 119 126 142 144 159 166 172 178 183 206 212 214 216 225 231 242 248 260 286 291 298 302 313 315 317 320 327 351 368 
2 8 17 19 25 27 42 48 51 54 64 70 73 77 89 90 97 121 123 125 127 129 133 137 140 149 153 163 176 180 186 190 199 215 223 237 239 254 263 274 283 287 306 310 316 321 330 338 369 370 
15 21 32 35 37 62 68 80 86 95 102 109 114 131 136 141 145 148 151 156 162 165 170 173 181 198 210 218 220 233 244 257 261 265 270 281 297 300 323 329 331 337 345 353 358 365 367 
