24 92 95 103 110 155 182 212 224 226 239 255 275 299 328 335 342 352 
29 41 56 64 78 87 125 153 169 181 191 197 230 237 285 310 315 318 323 326 331 354 
32 54 60 73 76 114 137 144 220 245 262 311 347 355 
18 31 55 59 61 99 121 131 139 174 189 221 236 269 272 274 
13 15 27 49 82 84 97 111 126 217 264 281 
26 98 135 145 159 202 242 
79 81 141 167 171 178 228 254 261 301 324 358 
138 148 190 193 248 288 291 330 348 
10 120 157 195 200 208 210 263 283 296 333 357 
2 4 12 20 34 42 58 71 83 86 88 112 122 151 163 165 188 203 225 231 241 257 260 286 294 297 300 339 362 
8 28 35 53 62 66 68 90 93 106 116 130 133 140 161 175 183 199 205 227 229 232 234 265 268 277 306 322 327 343 345 368 370 
14 16 21 25 48 65 67 72 105 118 127 129 146 150 152 186 198 201 204 214 243 251 259 271 287 302 313 317 321 334 356 360 363 365 366 
5 17 23 37 50 63 69 74 77 80 100 108 115 124 147 154 158 172 177 180 185 187 194 196 209 211 216 219 222 235 244 258 266 293 303 305 316 319 332 350 353 361 364 
1 6 11 19 22 30 39 44 46 52 57 70 75 91 102 104 107 113 117 119 143 160 168 170 176 184 192 207 233 238 240 247 250 252 267 279 290 292 295 298 304 307 309 320 329 337 341 344 351 359 371 
3 7 9 33 36 38 40 43 45 47 51 85 89 94 96 101 109 123 128 132 134 136 142 149 156 162 164 166 173 179 206 213 215 218 223 246 249 253 256 270 273 276 278 280 282 284 289 308 312 314 325 336 338 340 346 349 367 369 
