11 75 77 89 125 147 164 170 177 199 228 250 256 317 322 344 371 381 400 402 416 437 446 454 462 465 492 508 518 529 549 577 613 634 668 685 687 711 801 810 821 823 847 908 920 956 992 1001 1003 1021 1064 1073 1078 1081 1099 1110 1167 1186 1195 1216 1260 1288 1304 1311 1314 1457 1459 1464 1474 1489 1495 1535 
70 79 107 113 138 194 236 243 251 307 360 369 390 425 453 472 485 502 524 536 543 607 630 632 704 733 763 767 804 817 853 897 901 964 979 981 988 994 1023 1083 1150 1160 1236 1277 1301 1417 1454 1467 1471 1498 
59 72 188 217 237 281 283 293 327 335 350 357 364 373 448 546 560 565 570 588 616 620 661 688 698 796 798 825 843 977 996 1012 1026 1045 1077 1107 1142 1293 1325 1329 1337 1357 1385 1392 1403 1414 1452 1479 1490 1494 1508 1513 
25 43 66 93 176 200 222 235 238 245 258 386 411 424 476 481 527 574 584 648 682 718 787 831 857 905 1063 1065 1091 1112 1136 1179 1191 1217 1224 1227 1234 1252 1281 1308 1318 1344 1398 1413 1423 
50 102 109 134 195 219 229 252 261 305 321 325 329 356 407 426 457 489 624 639 715 724 777 783 794 844 846 875 933 966 1029 1052 1102 1113 1124 1178 1211 1302 1328 1366 1369 1394 1438 1538 
31 82 139 259 297 303 347 415 422 473 480 505 522 619 637 747 769 881 898 942 959 969 970 1122 1147 1206 1259 1367 1374 1377 1420 1468 1532 
44 46 56 81 206 232 346 361 443 463 466 500 552 566 568 595 665 752 770 779 808 842 863 878 895 907 928 984 1016 1058 1067 1095 1125 1133 1149 1159 1254 1257 1284 1354 1396 1402 1404 1526 
8 162 168 185 198 263 274 358 394 538 553 611 674 691 735 768 771 781 830 835 866 951 971 999 1050 1055 1057 1059 1105 1126 1148 1456 1542 
132 142 221 319 440 451 523 545 571 641 669 699 713 717 815 890 958 968 993 1075 1129 1141 1144 1194 1269 1280 1316 1340 1351 1382 1416 1504 1528 
38 48 61 133 137 163 257 260 284 310 338 417 434 475 501 537 559 581 676 690 694 696 723 751 778 860 906 915 927 952 1086 1146 1171 1177 1192 1201 1230 1248 1258 1282 1332 1359 1383 1389 1421 1431 1444 1476 1529 1537 
37 55 101 110 121 145 155 211 224 240 249 311 438 445 509 525 583 598 653 680 700 855 868 921 926 943 948 950 974 1020 1037 1094 1118 1138 1183 1198 1220 1261 1292 1310 1342 1358 1361 1375 1378 1435 1437 1463 1487 1507 
13 23 40 47 83 98 111 124 127 131 149 191 203 241 254 267 334 337 342 349 375 406 409 421 435 439 471 515 534 576 623 627 646 655 697 728 731 742 753 785 819 848 870 896 944 962 967 1033 1036 1049 1053 1056 1060 1088 1109 1132 1134 1199 1202 1204 1215 1226 1315 1327 1331 1338 1348 1395 1425 1442 1497 1515 1517 
5 15 17 20 21 27 54 62 68 73 96 146 156 159 166 171 209 262 265 276 288 330 333 378 393 452 456 513 521 540 557 590 609 614 621 636 642 658 670 672 679 741 759 774 788 834 851 852 884 893 909 935 939 965 983 986 1008 1028 1076 1096 1143 1223 1225 1231 1294 1306 1322 1330 1343 1355 1376 1386 1427 1433 1448 1470 1477 1501 1512 
6 14 16 41 45 51 64 71 91 97 99 104 115 117 119 140 151 175 184 187 196 213 225 231 233 239 246 270 292 315 318 326 343 377 387 398 404 431 436 449 459 478 484 487 490 494 526 541 548 555 567 593 603 605 618 625 629 671 677 684 740 761 772 776 782 784 789 793 799 814 859 877 889 902 904 912 925 937 955 1004 1019 1022 1024 1031 1035 1038 1042 1054 1080 1106 1131 1137 1163 1173 1184 1209 1221 1229 1253 1287 1313 1335 1347 1349 1362 1381 1407 1419 1441 1465 1486 1523 1531 1543 
4 7 10 63 74 78 88 144 152 158 165 174 223 255 269 306 313 320 328 331 340 374 403 423 432 458 460 464 482 486 488 497 507 511 514 542 563 575 579 591 622 643 663 689 708 710 722 726 737 743 765 826 828 836 845 850 854 880 882 918 931 940 973 991 1006 1010 1027 1044 1069 1079 1082 1097 1104 1111 1115 1157 1165 1169 1228 1238 1244 1251 1286 1300 1303 1305 1333 1353 1360 1365 1371 1391 1429 1451 1483 1502 1505 1509 1518 1525 
1 24 33 49 58 67 69 80 86 95 114 116 128 141 160 178 180 190 192 197 205 208 264 272 275 280 290 294 296 299 351 353 362 376 380 384 396 408 410 412 428 444 477 495 504 531 573 587 592 594 596 599 602 608 626 631 644 650 652 657 660 664 673 686 693 707 714 739 746 757 766 795 816 829 832 858 865 879 899 910 913 923 929 946 961 972 975 980 997 1013 1034 1040 1047 1071 1103 1108 1120 1140 1153 1156 1158 1164 1200 1208 1213 1219 1233 1237 1246 1262 1267 1274 1283 1291 1297 1321 1370 1379 1408 1412 1424 1434 1439 1447 1450 1461 1466 1485 1499 1511 1520 
2 3 9 12 53 57 90 100 105 108 118 120 123 126 135 143 153 169 189 202 204 212 220 248 268 271 273 278 285 309 339 341 354 359 363 365 372 388 391 429 433 442 470 479 493 503 512 516 544 558 572 582 601 617 628 640 645 649 662 706 709 721 725 729 732 734 744 748 754 756 758 760 764 792 805 807 809 820 824 837 839 841 869 871 873 876 883 886 888 892 894 903 919 924 930 938 949 954 960 976 985 1005 1009 1017 1030 1039 1041 1048 1074 1085 1090 1093 1101 1116 1121 1135 1145 1151 1154 1162 1170 1176 1180 1182 1187 1189 1196 1203 1214 1232 1240 1242 1249 1255 1266 1278 1290 1296 1299 1307 1312 1323 1334 1345 1350 1356 1364 1380 1397 1410 1418 1428 1430 1440 1446 1455 1460 1472 1482 1488 1491 1493 1514 1516 1519 1536 
22 29 32 35 42 52 60 65 76 85 92 112 122 130 136 148 150 154 161 172 179 181 183 207 210 214 216 226 230 234 242 244 277 279 287 291 301 304 314 323 332 336 345 348 352 355 366 368 370 379 383 399 414 418 420 427 430 441 450 455 468 491 496 499 510 517 520 533 535 547 551 554 561 564 569 578 585 589 633 638 647 651 654 666 675 692 695 702 716 720 738 745 749 773 775 786 790 797 800 802 806 811 812 822 833 856 861 867 887 911 914 917 936 947 978 982 989 995 998 1002 1011 1014 1032 1046 1061 1089 1092 1098 1127 1139 1152 1155 1166 1168 1172 1174 1181 1185 1190 1193 1197 1218 1239 1243 1245 1247 1250 1256 1264 1271 1273 1275 1285 1298 1309 1319 1336 1346 1363 1368 1373 1387 1390 1393 1400 1406 1411 1445 1449 1453 1462 1469 1473 1475 1478 1481 1496 1500 1506 1521 1524 1527 1530 1533 1534 1539 1541 
18 19 26 28 30 34 36 39 84 87 94 103 106 129 157 167 173 182 186 193 201 215 218 227 247 253 266 282 286 289 295 298 300 302 308 312 316 324 367 382 385 389 392 395 397 401 405 413 419 447 461 467 469 474 483 498 506 519 528 530 532 539 550 556 562 580 586 597 600 604 606 610 612 615 635 656 659 667 678 681 683 701 703 705 712 719 727 730 736 750 755 762 780 791 803 813 818 827 838 840 849 862 864 872 874 885 891 900 916 922 932 934 941 945 953 957 963 987 990 1000 1007 1015 1018 1025 1043 1051 1062 1066 1068 1070 1072 1084 1087 1100 1114 1117 1119 1123 1128 1130 1161 1175 1188 1205 1207 1210 1212 1222 1235 1241 1263 1265 1268 1270 1272 1276 1279 1289 1295 1317 1320 1324 1326 1339 1341 1352 1372 1384 1388 1399 1401 1405 1409 1415 1422 1426 1432 1436 1443 1458 1480 1484 1492 1503 1510 1522 1540 
