38 50 58 68 74 80 101 109 134 138 160 170 177 181 223 243 259 273 292 298 319 322 345 347 368 373 375 380 425 432 434 455 478 480 483 500 509 512 515 544 556 569 571 578 586 590 605 614 622 638 649 672 675 680 682 701 705 718 724 729 755 762 772 774 777 791 799 803 806 809 823 828 844 855 866 872 888 902 922 935 939 944 956 960 965 987 990 1007 1019 1043 1052 1080 1087 1089 1097 1102 1116 1139 1154 1173 1187 1200 1204 1206 1235 1239 1253 1270 1273 1282 1284 1290 1299 1318 1320 1348 1370 1375 1424 1440 1488 
34 39 41 43 84 86 90 96 113 115 195 198 200 211 221 255 264 266 268 285 309 326 341 352 356 370 376 383 386 403 431 448 458 462 464 475 484 486 522 553 564 572 582 597 607 619 626 639 641 654 663 670 690 736 739 742 744 750 753 797 812 850 885 899 904 914 928 946 952 957 996 1002 1013 1033 1050 1060 1094 1103 1106 1113 1137 1147 1151 1161 1165 1166 1171 1210 1215 1220 1244 1287 1302 1340 1354 1356 1360 1398 1403 1407 1459 1477 1485 1493 
37 61 64 104 111 146 171 174 187 202 215 219 239 248 251 282 294 304 348 410 413 415 445 504 523 528 531 533 541 576 594 610 632 643 645 688 754 760 785 836 865 881 887 908 918 930 942 955 963 1031 1046 1055 1059 1062 1064 1066 1075 1082 1108 1112 1125 1131 1183 1209 1222 1247 1257 1259 1269 1281 1288 1310 1330 1339 1377 1380 1386 1394 1396 1412 1442 1445 1468 1472 1486 1496 1517 1538 
15 32 36 52 92 97 100 122 155 161 197 206 260 267 272 323 354 357 401 408 429 459 476 479 534 585 591 598 644 653 679 723 728 781 784 798 826 842 849 861 874 898 910 924 968 975 984 1016 1105 1133 1135 1156 1180 1182 1191 1228 1234 1243 1264 1276 1297 1314 1333 1342 1433 1448 1461 1498 1518 1526 1534 
2 44 47 63 137 159 168 185 288 293 310 371 385 422 460 477 487 550 575 587 660 667 704 708 732 751 778 837 857 925 951 961 989 1077 1085 1096 1124 1130 1158 1240 1295 1309 1347 1365 1451 1479 1487 1511 
3 19 25 48 66 69 71 81 126 147 305 405 411 428 471 473 496 630 697 771 813 848 882 897 901 933 981 1022 1032 1051 1070 1115 1138 1149 1192 1198 1236 1254 1260 1267 1311 1328 1423 1425 1437 1505 1507 1540 
35 56 89 103 107 123 152 173 175 190 218 237 252 301 316 324 365 435 506 542 595 604 620 628 647 731 743 787 796 818 830 832 854 907 934 962 978 985 1009 1029 1034 1099 1168 1186 1196 1221 1279 1304 1363 1378 1392 1397 1401 1421 1439 1443 1452 1454 1513 
11 21 65 98 112 145 188 204 217 270 275 287 290 303 307 317 334 353 359 362 378 389 414 417 423 449 482 491 494 520 530 536 547 566 583 592 596 612 617 634 650 694 699 702 707 710 733 775 780 839 846 856 869 915 919 936 940 967 972 994 997 1017 1028 1054 1107 1121 1128 1162 1184 1189 1211 1217 1219 1237 1252 1285 1303 1316 1334 1350 1352 1371 1406 1419 1434 1463 1466 1469 1501 1514 1521 1542 
13 18 23 29 33 40 49 77 106 133 148 150 165 180 229 236 238 242 262 265 300 306 328 335 337 343 350 394 404 412 424 427 439 470 472 490 493 495 526 560 562 570 577 615 629 642 648 658 677 691 693 696 709 712 768 795 801 811 825 829 873 876 883 941 953 969 976 999 1006 1026 1037 1040 1044 1119 1157 1160 1176 1178 1193 1205 1212 1225 1230 1242 1262 1266 1271 1289 1322 1343 1413 1418 1429 1432 1436 1438 1465 1471 1491 1500 1509 1520 1522 1529 1532 
8 12 20 45 51 79 85 93 110 117 136 141 153 156 163 169 183 194 205 225 232 235 240 246 253 261 289 291 297 311 333 338 358 361 379 381 396 407 418 433 437 442 454 465 467 469 488 501 516 518 524 589 599 606 611 664 666 683 692 713 716 720 726 746 752 763 779 783 804 807 841 852 858 860 879 891 893 903 917 923 926 931 945 948 959 995 1010 1021 1025 1030 1048 1053 1058 1073 1076 1084 1086 1091 1101 1109 1111 1134 1144 1146 1175 1190 1194 1197 1201 1233 1246 1278 1291 1324 1326 1337 1344 1358 1367 1369 1389 1391 1393 1399 1405 1411 1416 1426 1435 1450 1464 1482 1484 1494 1515 1528 1533 1536 
6 17 24 27 46 53 55 70 76 95 118 121 127 130 132 154 157 164 166 176 179 201 212 214 222 224 231 233 245 247 249 277 299 302 308 314 318 320 327 329 363 382 387 391 395 400 438 444 446 450 468 474 492 497 498 503 505 507 511 527 539 548 552 555 558 565 568 573 580 593 600 602 609 625 627 652 656 668 673 676 685 698 714 721 730 741 757 759 765 767 769 776 786 788 792 821 833 835 840 851 853 859 863 867 878 884 889 911 913 916 949 971 973 979 982 988 991 993 1000 1004 1036 1041 1063 1067 1071 1078 1117 1122 1126 1132 1136 1142 1159 1167 1188 1203 1223 1226 1232 1249 1255 1258 1268 1274 1280 1301 1312 1321 1327 1329 1346 1357 1359 1373 1376 1381 1384 1388 1390 1400 1404 1408 1414 1417 1422 1441 1456 1483 1497 1502 1510 1512 1516 1519 1524 1530 1537 1541 
4 5 9 14 16 22 26 28 30 57 60 62 72 75 82 87 94 105 116 119 124 128 131 139 142 144 149 158 162 191 193 199 207 209 216 226 228 234 244 250 254 257 263 271 279 281 283 296 313 315 325 330 332 344 349 351 360 366 374 393 397 399 402 409 419 420 426 430 440 443 452 456 461 481 485 508 514 517 519 529 532 537 538 545 549 561 567 574 579 603 616 618 621 624 631 636 640 651 659 662 665 669 674 686 695 700 706 711 715 717 727 734 737 748 764 766 782 789 794 800 810 814 816 820 827 838 845 847 862 864 871 875 880 890 895 906 909 921 927 932 937 943 954 964 974 986 992 998 1012 1015 1020 1023 1027 1039 1042 1045 1047 1057 1068 1072 1074 1088 1090 1093 1110 1120 1123 1140 1143 1145 1153 1164 1169 1172 1177 1181 1195 1202 1208 1214 1224 1231 1245 1251 1256 1265 1275 1277 1286 1292 1294 1300 1306 1308 1323 1331 1336 1338 1345 1351 1353 1355 1361 1364 1372 1374 1379 1383 1402 1410 1427 1430 1446 1449 1453 1455 1457 1460 1473 1475 1478 1480 1490 1504 1506 1508 1527 1531 
1 7 10 31 42 54 59 67 73 78 83 88 91 99 102 108 114 120 125 129 135 140 143 151 167 172 178 182 184 186 189 192 196 203 208 210 213 220 227 230 241 256 258 269 274 276 278 280 284 286 295 312 321 331 336 339 340 342 346 355 364 367 369 372 377 384 388 390 392 398 406 416 421 436 441 447 451 453 457 463 466 489 499 502 510 513 521 525 535 540 543 546 551 554 557 559 563 581 584 588 601 608 613 623 633 635 637 646 655 657 661 671 678 681 684 687 689 703 719 722 725 735 738 740 745 747 749 756 758 761 770 773 790 793 802 805 808 815 817 819 822 824 831 834 843 868 870 877 886 892 894 896 900 905 912 920 929 938 947 950 958 966 970 977 980 983 1001 1003 1005 1008 1011 1014 1018 1024 1035 1038 1049 1056 1061 1065 1069 1079 1081 1083 1092 1095 1098 1100 1104 1114 1118 1127 1129 1141 1148 1150 1152 1155 1163 1170 1174 1179 1185 1199 1207 1213 1216 1218 1227 1229 1238 1241 1248 1250 1261 1263 1272 1283 1293 1296 1298 1305 1307 1313 1315 1317 1319 1325 1332 1335 1341 1349 1362 1366 1368 1382 1385 1387 1395 1409 1415 1420 1428 1431 1444 1447 1458 1462 1467 1470 1474 1476 1481 1489 1492 1495 1499 1503 1523 1525 1535 1539 1543 
