14 17 20 24 26 34 40 46 49 53 59 64 75 91 103 113 138 150 169 172 181 198 215 223 233 238 255 260 263 268 280 285 295 298 308 325 331 339 343 347 357 365 
15 30 37 42 55 72 82 88 95 102 121 124 135 143 157 182 184 190 199 201 241 248 252 264 283 286 311 314 319 321 322 324 
23 29 36 51 60 68 79 93 104 126 128 133 148 160 165 170 176 189 193 200 249 254 256 258 270 281 296 300 329 342 
32 78 80 90 147 159 162 178 194 210 220 275 291 317 358 
63 66 94 110 140 151 173 188 196 211 218 246 271 277 293 310 318 326 352 354 
6 9 43 77 100 112 125 136 192 224 251 312 323 334 345 360 
7 13 18 50 61 74 83 86 89 115 117 119 130 152 155 185 214 222 227 229 232 236 240 266 272 274 288 336 338 369 371 
10 16 19 21 25 31 41 45 47 57 69 76 85 87 97 107 109 114 123 132 137 141 145 154 161 167 171 186 195 203 205 216 225 228 230 257 287 289 292 297 299 304 315 328 330 351 356 362 
2 3 8 11 27 33 39 44 56 58 73 99 105 108 116 118 122 127 129 131 134 144 158 164 166 168 174 177 180 183 187 202 207 209 213 226 235 237 239 242 244 261 265 269 273 278 302 303 305 307 313 327 333 335 337 340 349 363 364 366 368 
1 4 5 12 22 28 35 38 48 52 54 62 65 67 70 71 81 84 92 96 98 101 106 111 120 139 142 146 149 153 156 163 175 179 191 197 204 206 208 212 217 219 221 231 234 243 245 247 250 253 259 262 267 276 279 282 284 290 294 301 306 309 316 320 332 341 344 346 348 350 353 355 359 361 367 370 
